0 ~Baseplate 32 x 32 Raised with Ramp, Pit and Stairs without Upper Surface
0 Name: s\6092s01.dat
0 Author: Alex Taylor [anathema]
0 !LDRAW_ORG Unofficial_Subpart
0 !LICENSE Redistributable under CCAL version 2.0 : see CAreadme.txt

0 BFC CERTIFY CCW

1 16 0 0 0 1 0 0 0 1 0 0 0 1 s\3811s01.dat
1 16 121 -24 135 0 0 -15 0 1 0 15 0 0 1-4edge.dat
1 16 125.669 -24 -180 134.331 0 0 0 1 0 0 0 -99.9227 48\1-8edge.dat
1 16 238.333 -24 -268.333 -17.6777 0 -17.6777 0 1 0 17.6777 0 -17.6777 3-8edge.dat
1 16 250 -24 -250 0 0 43.3333 0 1 0 -43.3333 0 0 48\1-4edge.dat
1 16 46 -24 54 60 0 0 0 1 0 0 0 -60 48\3-16edge.dat
1 16 -280.67 -69.505 35 0 .96352 .693 0 .26764 -2.49513 -2.5 0 0 1-4edge.dat
1 16 280.67 -69.591 155 0 -.96352 -.66911 0 .26764 -2.4088 -2.5 0 0 1-4edge.dat
1 16 -129 -64 229 -6 0 0 0 1 0 0 0 6 1-4edge.dat
1 16 -129 -64 91 -6 0 0 0 1 0 0 0 -6 1-4edge.dat
1 16 49 -64 229 6 0 0 0 1 0 0 0 6 1-4edge.dat
1 16 49 -64 91 6 0 0 0 1 0 0 0 -6 1-4edge.dat
1 16 -200 0 -200 -100 0 0 0 1 0 0 0 -100 48\1-4edge.dat
1 16 -200 0 200 -100 0 0 0 1 0 0 0 100 48\1-4edge.dat
1 16 200 0 200 100 0 0 0 1 0 0 0 100 48\1-4edge.dat
1 16 250 0 -250 0 0 50 0 1 0 -50 0 0 48\1-4edge.dat
1 16 -125 -40 -125 -5 0 0 0 1 0 0 0 -5 1-4edge.dat
1 16 -130 0 -130 -10 0 0 0 1 0 0 0 -10 1-4edge.dat
1 16 -140 -40 -20 10 0 0 0 1 0 0 0 10 1-4edge.dat
1 16 -145 0 -25 5 0 0 0 1 0 0 0 5 1-4edge.dat
1 16 -160 -40 -160 -70 0 0 0 1 0 0 0 -70 48\1-4edge.dat
1 16 -160 -40 -160 -80 0 0 0 1 0 0 0 -80 48\1-4edge.dat
1 16 -160 -40 -80 -70 0 0 0 1 0 0 0 70 48\1-4edge.dat
1 16 -160 -40 -80 0 0 -80 0 1 0 80 0 0 48\1-4edge.dat
1 16 -160 -48 -160 -80 0 0 0 1 0 0 0 -80 48\1-4edge.dat
1 16 -160 -48 -80 0 0 -80 0 1 0 80 0 0 48\1-4edge.dat
1 16 -160 0 -160 -60 0 0 0 1 0 0 0 -60 48\1-4edge.dat
1 16 -160 0 -80 -60 0 0 0 1 0 0 0 60 48\1-4edge.dat
1 16 -20 -40 -140 10 0 0 0 1 0 0 0 10 1-4edge.dat
1 16 -25 0 -145 0 0 5 0 1 0 5 0 0 1-4edge.dat
1 16 -80 -40 -160 70 0 0 0 1 0 0 0 -70 48\1-4edge.dat
1 16 -80 -40 -160 80 0 0 0 1 0 0 0 -80 48\1-4edge.dat
1 16 -80 -48 -160 80 0 0 0 1 0 0 0 -80 48\1-4edge.dat
1 16 -80 0 -160 0 0 60 0 1 0 -60 0 0 48\1-4edge.dat
1 16 -200 -48 -200 -86.6667 0 0 0 1 0 0 0 -86.6667 48\1-4edge.dat
1 16 -40 -48 -206.667 0 0 80 0 1 0 -80 0 0 48\3-16edge.dat
1 16 -43 -48 57 -60 0 0 0 1 0 0 0 -60 48\1-4edge.dat
1 16 -200 -72 200 0 0 -80 0 1 0 80 0 0 48\1-4edge.dat
1 16 -40 -72 60 -60 0 0 0 1 0 0 0 -60 48\1-4edge.dat
1 16 200 -72 200 80 0 0 0 1 0 0 0 80 48\1-4edge.dat
1 16 40 -72 60 0 0 60 0 1 0 -60 0 0 48\1-4edge.dat
1 16 -40 -14 -206.667 0 0 88.472 14 1 0 -93.333 0 0 48\3-16edge.dat
1 16 125.669 -18 -180 134.331 0 0 0 1 14.988 0 0 -99.9227 48\1-8edge.dat
1 16 238.333 -4.75 -268.333 -17.6777 0 -17.6777 -2.652 1 2.652 17.6777 0 -17.6777 1-8edge.dat
1 16 238.333 -4.75 -268.333 -25 0 0 0 1 4.75 0 0 -31.667 1-4edge.dat
1 16 -259.844 -69.505 35 0 0 -.15595 0 1 -2.49513 -2.5 0 0 1-4edge.dat
1 16 180.156 -69.505 155 0 0 -.15595 0 1 -2.49513 -2.5 0 0 1-4edge.dat
1 16 200 -48 200 58.5 0 0 0 1 0 0 0 58.5 48\1-8edge.dat
1 16 200 -56 200 0 0 59 0 1 0 59 0 0 48\1-8edge.dat
1 16 200 -72 200 60 0 0 0 1 0 0 0 60 48\1-4edge.dat
1 16 259.844 -69.505 155 0 0 .15595 0 1 -2.49513 -2.5 0 0 1-4edge.dat
2 24 -120 0 220 -120 0 100
2 24 -135 -64 91 -135 -64 229
2 24 -140 -64 80 -140 -64 240
2 24 -140 -72 240 -140 -64 240
2 24 -140 -72 80 -140 -64 80
2 24 -140 -72 80 -140 -72 240
2 24 40 0 100 -120 0 100
2 24 40 0 220 -120 0 220
2 24 40 0 220 40 0 100
2 24 49 -64 235 -129 -64 235
2 24 49 -64 85 -129 -64 85
2 24 55 -64 229 55 -64 91
2 24 60 -64 240 -140 -64 240
2 24 60 -64 240 60 -64 80
2 24 60 -64 80 -140 -64 80
2 24 60 -72 240 -140 -72 240
2 24 60 -72 240 60 -64 240
2 24 60 -72 240 60 -72 80
2 24 60 -72 80 -140 -72 80
2 24 60 -72 80 60 -64 80
2 24 -10 -40 -140 -10 -40 -160
2 24 -120 -40 -120 -120 -40 0
2 24 -120 -40 -120 -120 -48 -120
2 24 -120 -40 0 -120 -48 0
2 24 -120 -40 0 -160 -40 0
2 24 -120 -48 -120 -120 -48 0
2 24 -120 -48 0 -160 -48 0
2 24 -130 -40 -20 -130 -40 -125
2 24 -140 -40 -10 -160 -40 -10
2 24 -140 0 -25 -140 0 -130
2 24 -160 -40 -230 -80 -40 -230
2 24 -160 -40 -240 -80 -40 -240
2 24 -160 -48 -240 -80 -48 -240
2 24 -160 0 -20 -145 0 -20
2 24 -160 0 -220 -80 0 -220
2 24 -20 -40 -130 -125 -40 -130
2 24 -20 0 -160 -20 0 -145
2 24 -220 0 -160 -220 0 -80
2 24 -230 -40 -160 -230 -40 -80
2 24 -240 -40 -160 -240 -40 -80
2 24 -240 -48 -160 -240 -48 -80
2 24 -25 0 -140 -130 0 -140
2 24 0 -40 -120 -120 -40 -120
2 24 0 -40 -120 0 -40 -160
2 24 0 -40 -120 0 -48 -120
2 24 0 -48 -120 -120 -48 -120
2 24 0 -48 -120 0 -48 -160
2 24 -200 0 -300 250 0 -300
2 24 -300 0 -200 -300 0 200
2 24 200 0 300 -200 0 300
2 24 300 0 200 300 0 -250
2 24 106 -24 135 106 -24 54
2 24 180 -24 150 121 -24 150
2 24 238.333 -24 -293.333 250 -24 -293.333
2 24 260 -24 -140 260 -24 -180
2 24 260 -24 150 293.333 -24 150
2 24 293.333 -24 150 293.333 -24 -250
2 24 64.912 -24 -2.807 68.962 -24 -1.434
2 24 65 -24 -140 260 -24 -140
2 24 65 -24 -140 65 -24 -80
2 24 -103 -48 57 -183 -48 57
2 24 -200 -48 -286.667 -40 -48 -286.667
2 24 -258.5 -48 31.353 -286.667 -48 31.353
2 24 -286.667 -48 -200 -286.667 -48 31.353
2 24 -43 -48 -3 40 -48 -3
2 24 58.5 -48 -162 33.912 -48 -237.283
2 24 58.5 -48 -162 60 -48 -150
2 24 60 -48 -150 60 -48 -80
2 24 -100 -72 60 -180 -72 60
2 24 -280 -72 200 -280 -72 35
2 24 -40 -72 0 40 -72 0
2 24 100 -72 140 100 -72 60
2 24 200 -72 280 -200 -72 280
2 24 280 -72 200 280 -72 155
2 24 260 -24 -140 260 -18 -180
2 24 63.9 -20.7 -162 41.737 -8.642 -242.384
2 24 63.9 -20.7 -162 65 -22.5 -150
2 24 65 -24 -140 65 -22.5 -150
2 24 -180 -72 80 -180 -72 60
2 24 -180 -72 80 -181 -64 80
2 24 -181 -64 68.871 -182 -56 68.739
2 24 -181 -64 80 -181 -64 68.871
2 24 -182 -56 58 -183 -48 57.771
2 24 -182 -56 58 -259 -56 39.882
2 24 -182 -56 68.739 -182 -56 58
2 24 -183 -48 57 -180 -72 60
2 24 -183 -48 57 -183 -48 57.771
2 24 -183 -48 57.771 -258.5 -48 40
2 24 -258.5 -48 31.353 -259.844 -69.505 32.5
2 24 -258.5 -48 40 -258.5 -48 31.353
2 24 -258.5 -48 40 -259 -56 39.882
2 24 -259 -56 58.566 -182 -56 68.739
2 24 -259 -56 58.566 -259 -56 39.882
2 24 -259 -56 58.566 -259.5 -64 58.5
2 24 -259.5 -64 58.5 -181 -64 68.871
2 24 -259.5 -64 58.5 -259.5 -64 80
2 24 -259.5 -64 80 -181 -64 80
2 24 -260 -72 80 -180 -72 80
2 24 -260 -72 80 -259.5 -64 80
2 24 -260 -72 80 -260 -72 35
2 24 160 -64 180.5 160 -72 180
2 24 160 -64 259.5 160 -64 180.5
2 24 160 -64 259.5 160 -72 260
2 24 160 -72 260 160 -72 180
2 24 160 -72 260 200 -72 260
2 24 174 -64 180.5 160 -64 180.5
2 24 174 -64 180.5 174.165 -56 181
2 24 174.165 -56 181 181 -56 181
2 24 180 -24 138 180 -32 138
2 24 180 -24 150 180 -24 138
2 24 180 -32 150.5 180 -24 150
2 24 180 -32 150.5 180 -32 138
2 24 180 -32 150.5 182.5 -32 150.5
2 24 180 -72 180 160 -72 180
2 24 180 -72 180 180 -72 155
2 24 180 -72 180 181.5 -48 181.5
2 24 181.5 -48 174.5 181.5 -48 181.5
2 24 181.5 -48 174.5 182 -40 174.666
2 24 181.5 -48 174.5 258.5 -48 200
2 24 182 -40 174.666 182 -40 160
2 24 182 -40 174.666 258 -40 199.834
2 24 182.5 -32 150.5 180.156 -69.505 152.5
2 24 182.5 -32 160 182 -40 160
2 24 182.5 -32 160 182.5 -32 150.5
2 24 199.835 -56 259 174.165 -56 181
2 24 200 -64 259.5 160 -64 259.5
2 24 200 -64 259.5 174 -64 180.5
2 24 200 -64 259.5 199.835 -56 259
2 24 241.366 -48 241.366 181.5 -48 181.5
2 24 241.719 -56 241.719 181 -56 181
2 24 241.719 -56 241.719 241.366 -48 241.366
2 24 257.5 -32 150.5 259.844 -69.591 152.5
2 24 257.5 -32 160 182.5 -32 160
2 24 257.5 -32 160 257.5 -32 150.5
2 24 257.5 -32 160 258 -40 160
2 24 258 -40 160 182 -40 160
2 24 258 -40 199.834 258 -40 160
2 24 258.5 -48 200 258 -40 199.834
2 24 260 -24 138 180 -24 138
2 24 260 -24 138 260 -32 138
2 24 260 -24 150 260 -24 138
2 24 260 -32 138 180 -32 138
2 24 260 -32 150.5 257.5 -32 150.5
2 24 260 -32 150.5 260 -24 150
2 24 260 -32 150.5 260 -32 138
2 24 260 -72 200 260 -72 155
2 24 40 -40 -80 40 -40 -3
2 24 40 -40 -80 40 -48 -80
2 24 40 -40 -80 65 -40 -80
2 24 40 -48 -3 40 -40 -4
2 24 40 -48 -80 40 -48 -3
2 24 40 -48 -80 60 -48 -80
2 24 44 -40 -4 40 -40 -4
2 24 44 -40 -4 51.83 -40 -3.484
2 24 51.83 -40 -3.484 52.011 -32 -4.538
2 24 51.83 -40 -3.484 65 -40 -80
2 24 52 -32 -5 65 -32 -80
2 24 52 -40 -5 65 -40 -80
2 24 52.011 -32 -4.538 52.83 -32 -4.484
2 24 52.011 -32 -4.538 65 -32 -80
2 24 52.83 -32 -4.484 60.528 -32 -2.954
2 24 60 -48 -80 65 -24 -80
2 24 60.528 -32 -2.954 64.52 -32 -1.601
2 24 64.912 -24 -2.807 64.52 -32 -1.601
2 24 65 -32 -80 65 -40 -80
2 24 90 -24 -80 64.912 -24 -2.807
2 24 90 -24 -80 65 -24 -80
2 24 90 -24 -80 90 -32 -80
2 24 90 -32 -80 64.52 -32 -1.601
2 24 90 -32 -80 65 -32 -80
2 24 -103 -48 57 -100 -72 60
2 24 -286.667 -48 31.353 -280.67 -69.505 32.5
2 24 293.333 -24 150 280.67 -69.591 152.5
2 24 61.666 -40 -80 40 -40 -80
2 24 61.666 -40 -80 60 -48 -80
2 24 65 -40 -80 61.666 -40 -80
2 24 199.835 -56 259 207.7 -56 258.493
2 24 250 0 -300 238.333 0 -300
2 24 -40 0 -300 -200 0 -300
2 24 61.666 -40 -80 65 -24 -80
5 24 105.891 -70.752 149.357 101.891 -71.376 145.115 107.141 -24 140.741 105.777 -71.23 149.452
5 24 242 -24 -229.961 242 -10.506 -229.961 249.777 -24 -218.24 232.247 -8.875 -240.833
5 24 44 -40 -4 43 -48 -3 51.83 -40 -3.484 40 -48 -3
5 24 117.994 -69.505 152.505 111.505 -70.129 151.984 117.766 -70.46 152.69 115.26 -24 148.858
5 24 213.333 -24 -268.333 213.333 -4.75 -268.333 215.235 -24 -258.766 215.235 -24 -277.9
5 24 101.891 -71.376 145.115 100 -72 140 101.834 -71.615 145.163 106 -24 135
5 24 215.235 -6.185 -258.766 215.235 -24 -258.766 213.333 -4.75 -268.333 220.655 -24 -250.655
5 24 215.236 -2.932 -280.452 215.235 -24 -277.9 220.655 -24 -286.011 213.333 -4.75 -268.333
5 24 104.967 -71.905 150.129 110.118 -71.858 153.141 109.259 -72 153.859 105.453 -71.634 149.723
5 24 111.505 -70.129 151.984 105.891 -70.752 149.357 110.394 -24 145.607 111.334 -70.845 152.127
5 24 101.142 -72 145.741 100 -72 140 101.428 -71.952 145.501 100 -72 155
5 24 117.994 -69.505 152.505 115.26 -24 148.859 121 -24 150 111.505 -70.129 151.984
5 24 238.333 -24 -293.333 228.766 -.361 -297.59 238.333 0 -300 228.766 -24 -291.431
5 24 100 -72 140 101.834 -71.615 145.163 101.671 -71.817 145.298 101.891 -71.376 145.115
5 24 115.26 -24 148.859 111.505 -70.129 151.984 110.394 -24 145.607 117.994 -69.505 152.505
5 24 232.247 -8.875 -240.833 232.247 -24 -240.833 220.654 -7.402 -250.655 242 -24 -229.961
5 24 121 -24 150 117.994 -69.505 152.505 115.26 -24 148.858 180 -24 150
5 24 255.419 -24 -205.86 255.419 -14.121 -205.86 258.845 -24 -193.04 249.777 -12.264 -218.24
5 24 60 -48 -150 65 -22.5 -150 65 -24 -140 58.5 -48 -162
5 24 110.847 -71.452 152.533 110.118 -71.858 153.141 117.117 -71.269 153.232 104.967 -71.905 150.129
5 24 107.141 -24 140.741 105.891 -70.752 149.357 110.394 -24 145.607 101.891 -71.376 145.115
5 24 117.117 -71.269 153.232 110.847 -71.452 152.533 116.146 -71.81 154.043 111.334 -70.845 152.127
5 24 0 -48 -275.947 4.236 -1.876 -287.493 13.862 -2.892 -280.717 -9.384 -48 -280.579
5 24 101.428 -71.952 145.501 101.142 -72 145.741 104.967 -71.905 150.129 100 -72 140
5 24 65 -24 -140 60 -48 -150 65 -24 -80 65 -22.5 -150
5 24 104.394 -72 150.607 109.259 -72 153.859 100 -72 155 104.967 -71.905 150.129
5 24 258.845 -16.044 -193.04 258.845 -24 -193.04 255.419 -14.121 -205.86 260 -24 -180
5 24 111.334 -70.845 152.127 110.847 -71.452 152.533 117.766 -70.46 152.69 105.453 -71.634 149.723
5 24 100 -72 140 106 -24 135 100 -72 60 101.891 -71.376 145.115
5 24 228.766 -24 -291.431 220.655 -1.391 -290.725 228.766 -.361 -297.59 220.655 -24 -286.011
5 24 110.394 -24 145.607 105.891 -70.752 149.357 107.141 -24 140.741 111.505 -70.129 151.984
5 24 105.777 -71.23 149.452 111.334 -70.845 152.127 105.891 -70.752 149.357 110.847 -71.452 152.533
5 24 104.967 -71.905 150.129 104.394 -72 150.607 101.142 -72 145.74 110.118 -71.858 153.141
5 24 105.891 -70.752 149.357 105.777 -71.23 149.452 111.505 -70.129 151.984 101.834 -71.615 145.163
5 24 109.259 -72 153.859 115 -72 155 110.118 -71.858 153.141 100 -72 155
5 24 100 -72 140 101.428 -71.952 145.501 101.142 -72 145.74 101.671 -71.817 145.298
5 24 -40 0 -300 -40 -48 -286.667 -200 -24 -293.334 -28.454 -.12 -299.197
5 24 110.118 -71.858 153.141 109.259 -72 153.859 116.146 -71.81 154.043 104.394 -72 150.607
5 24 101.834 -71.615 145.163 101.671 -71.817 145.298 105.777 -71.23 149.452 100 -72 140
5 24 111.505 -70.129 151.984 110.394 -24 145.607 115.26 -24 148.858 105.891 -70.752 149.357
5 24 101.428 -71.952 145.501 104.967 -71.905 150.129 104.394 -72 150.607 101.671 -71.817 145.298
5 24 105.453 -71.634 149.723 101.671 -71.817 145.298 104.967 -71.905 150.129 101.834 -71.615 145.163
5 24 106 -24 135 101.891 -71.376 145.115 107.141 -24 140.741 100 -72 140
5 24 105.453 -71.634 149.723 104.967 -71.905 150.129 101.428 -71.952 145.501 110.847 -71.452 152.533
5 24 101.834 -71.615 145.163 105.777 -71.23 149.452 105.453 -71.634 149.723 101.891 -71.376 145.115
5 24 238.333 0 -300 238.333 -24 -293.333 250 -12 -296.666 228.766 -.361 -297.59
5 24 23.472 -48 -255.371 30.194 -5.477 -263.488 16.568 -48 -263.235 36.617 -7 -253.334
5 24 110.118 -71.858 153.141 116.146 -71.81 154.043 115 -72 155 110.847 -71.452 152.533
5 24 117.994 -69.505 152.505 180 -32 150.5 180 -69.505 152.5 121 -24 150
5 24 -29.56 -48 -285.979 -28.454 -.12 -299.197 -17.103 -.477 -296.817 -40 -48 -286.667
5 24 101.142 -72 145.741 104.394 -72 150.607 101.428 -71.952 145.501 100 -72 155
5 24 228.766 -.361 -297.59 228.766 -24 -291.431 220.655 -1.391 -290.725 238.333 -24 -293.333
5 24 111.505 -70.129 151.984 111.334 -70.845 152.127 117.994 -69.505 152.505 105.777 -71.23 149.452
5 24 13.862 -2.892 -280.717 8.704 -48 -270.139 0 -48 -275.947 22.559 -4.101 -272.663
5 24 22.559 -4.101 -272.663 16.568 -48 -263.235 8.704 -48 -270.139 30.194 -5.477 -263.488
5 24 101.671 -71.817 145.298 101.428 -71.952 145.501 105.453 -71.634 149.723 100 -72 140
5 24 249.777 -12.264 -218.24 249.777 -24 -218.24 242 -10.506 -229.961 255.419 -24 -205.86
5 24 220.655 -24 -286.011 215.236 -2.932 -280.452 215.235 -24 -277.9 220.655 -1.391 -290.725
5 24 110.847 -71.452 152.533 105.453 -71.634 149.723 105.777 -71.23 149.452 110.118 -71.858 153.141
5 24 41.737 -8.642 -242.384 58.5 -48 -162 33.912 -48 -237.283 63.9 -20.7 -162
5 24 29.28 -48 -246.667 36.617 -7 -253.334 41.739 -8.642 -242.386 23.472 -48 -255.371
5 24 105.777 -71.23 149.452 105.453 -71.634 149.723 101.671 -71.817 145.298 111.334 -70.845 152.127
5 24 -6.142 -1.065 -292.897 -9.384 -48 -280.579 -19.296 -48 -283.939 4.236 -1.876 -287.493
5 24 -19.296 -48 -283.939 -17.103 -.477 -296.817 -29.56 -48 -285.979 -6.142 -1.065 -292.897
5 24 111.334 -70.845 152.127 117.766 -70.46 152.69 117.117 -71.269 153.232 111.505 -70.129 151.984
5 24 107.141 -24 140.741 101.891 -71.376 145.115 106 -24 135 105.891 -70.752 149.357
5 24 260 -18 -180 260 -24 -180 258.845 -16.044 -193.04 260 -24 -140
5 24 220.655 -1.391 -290.725 220.655 -24 -286.011 215.236 -2.932 -280.452 228.766 -24 -291.431
5 24 63.9 -20.7 -162 58.5 -48 -162 41.737 -8.642 -242.384 65 -22.5 -150
5 24 58.528 -48 -.954 60.528 -32 -2.954 50.83 -48 -2.484 64.52 -32 -1.601
5 24 101.671 -71.817 145.298 100 -72 140 101.428 -71.952 145.501 101.834 -71.615 145.163
5 24 51.83 -40 -3.484 50.83 -48 -2.484 43 -48 -3 58.528 -48 -.954
5 24 220.654 -24 -250.655 220.652 -7.395 -250.709 215.235 -24 -258.766 232.247 -8.875 -240.833
5 24 215.235 -24 -277.9 213.333 -4.75 -268.333 213.333 -24 -268.333 215.236 -2.932 -280.452
5 24 101.891 -71.376 145.115 101.834 -71.615 145.163 105.891 -70.752 149.357 100 -72 140
5 24 207.7 -56 258.493 207.83 -72 259.484 200 -72 260 215.528 -72 257.954
5 24 215.269 -56 256.988 215.528 -72 257.954 207.83 -72 259.484 222.962 -72 255.434
5 24 200 -64 259.5 200 -72 260 207.83 -72 259.484 160 -72 260
5 24 222.579 -56 254.51 222.962 -72 255.434 215.528 -72 257.954 230 -72 251.96
5 24 229.5 -56 251.094 230 -72 251.96 222.962 -72 255.434 236.528 -72 247.604
5 24 235.919 -56 246.811 236.528 -72 247.604 230 -72 251.96 242.426 -72 242.426
5 24 241.719 -56 241.719 242.426 -72 242.426 236.528 -72 247.604 247.604 -72 236.528
5 24 246.414 -48 235.615 247.604 -72 236.528 242.426 -72 242.426 251.96 -72 230
5 24 250.661 -48 229.25 251.96 -72 230 247.604 -72 236.528 255.434 -72 222.962
5 24 254.048 -48 222.388 255.434 -72 222.962 251.96 -72 230 257.954 -72 215.528
5 24 256.505 -48 215.14 257.954 -72 215.528 255.434 -72 222.962 259.484 -72 207.83
5 24 257.997 -48 207.634 259.484 -72 207.83 257.954 -72 215.528 260 -72 200
5 24 258.5 -48 200 260 -72 200 260 -72 155 259.484 -72 207.83
