0 ~Baseplate 32 x 32 Raised with Ramp, Pit and Stairs - Horizontal Surfaces and Studs
0 Name: s\6092s02.dat
0 Author: Alex Taylor [anathema]
0 !LDRAW_ORG Unofficial_Subpart
0 !LICENSE Redistributable under CCAL version 2.0 : see CAreadme.txt

0 BFC CERTIFY CCW

0 // Base
1 16 -200 0 -200 -100 0 0 0 1 0 0 0 -100 48\1-4ndis.dat
1 16 -200 0 200 -100 0 0 0 1 0 0 0 100 48\1-4ndis.dat
1 16 -316 0 -316 -4 0 0 0 1 0 0 0 -4 1-4disc.dat
1 16 -316 0 316 -4 0 0 0 1 0 0 0 4 1-4disc.dat
1 16 200 0 200 100 0 0 0 1 0 0 0 100 48\1-4ndis.dat
1 16 250 0 -250 0 0 50 0 1 0 -50 0 0 48\1-4ndis.dat
1 16 316 0 -316 4 0 0 0 1 0 0 0 -4 1-4disc.dat
1 16 316 0 316 4 0 0 0 1 0 0 0 4 1-4disc.dat
3 16 -316 0 -316 -300 0 -300 -300 0 -200
3 16 -200 0 -300 -300 0 -300 -316 0 -316
3 16 48.472 0 -300 -40 0 -300 316 0 -316
3 16 48.472 0 -300 316 0 -316 213.333 0 -300
3 16 213.333 0 -300 316 0 -316 238.333 0 -300
3 16 238.333 0 -300 316 0 -316 250 0 -300
3 16 250 0 -300 316 0 -316 300 0 -300
3 16 -316 0 316 -300 0 300 -200 0 300
3 16 300 0 300 316 0 316 200 0 300
3 16 300 0 -300 316 0 -316 300 0 -250
3 16 316 0 316 300 0 300 300 0 200
3 16 -300 0 300 -316 0 316 -300 0 200
4 16 316 0 316 300 0 200 300 0 -250 316 0 -316
4 16 -316 0 -316 -316 0 -320 316 0 -320 316 0 -316
4 16 -316 0 316 -320 0 316 -320 0 -316 -316 0 -316
4 16 316 0 -316 -40 0 -300 -200 0 -300 -316 0 -316
4 16 316 0 -316 320 0 -316 320 0 316 316 0 316
4 16 316 0 316 -316 0 316 -200 0 300 200 0 300
4 16 316 0 316 316 0 320 -316 0 320 -316 0 316
4 16 -300 0 -200 -300 0 200 -316 0 316 -316 0 -316

0 // Lower level
1 16 121 -24 135 0 0 -15 0 1 0 15 0 0 1-4disc.dat
1 16 238.333 -24 -268.333 -17.6777 0 -17.6777 0 1 0 17.6777 0 -17.6777 1-8disc.dat
1 16 238.333 -24 -268.333 -25 0 0 0 1 0 0 0 -25 1-4disc.dat
1 16 250 -24 -250 0 0 43.3333 0 1 0 -43.3333 0 0 48\1-4disc.dat
1 16 46 -24 54 60 0 0 0 1 0 0 0 -60 48\3-16ndis.dat
3 16 106 -24 -6 68.962 -24 -1.434 64.912 -24 -2.807
3 16 232.247 -24 -240.833 220.654 -24 -250.655 250 -24 -250
3 16 249.777 -24 -218.24 242 -24 -229.961 293.333 -24 -250
3 16 255.419 -24 -205.86 249.777 -24 -218.24 293.333 -24 -250
3 16 258.845 -24 -193.04 255.419 -24 -205.86 293.333 -24 -250
3 16 260 -24 -140 260 -24 -180 293.333 -24 -250
3 16 260 -24 -180 258.845 -24 -193.04 293.333 -24 -250
3 16 90 -24 -80 65 -24 -80 65 -24 -140
3 16 90 -24 -80 65 -24 -140 106 -24 -80
3 16 106 -24 135 106 -24 -80 121 -24 135
3 16 260 -24 138 293.333 -24 150 260 -24 150
4 16 90 -24 -80 106 -24 -80 106 -24 -6 64.912 -24 -2.807
4 16 260 -24 138 180 -24 138 121 -24 135 106 -24 -80
4 16 65 -24 -140 260 -24 -140 260 -24 138 106 -24 -80
4 16 260 -24 138 260 -24 -140 293.333 -24 -250 293.333 -24 150
4 16 180 -24 150 121 -24 150 121 -24 135 180 -24 138
4 16 238.333 -24 -268.333 250 -24 -268.333 250 -24 -250 220.654 -24 -250.655
4 16 238.333 -24 -293.333 250 -24 -293.333 250 -24 -268.333 238.333 -24 -268.333
4 16 250 -24 -250 293.333 -24 -250 242 -24 -229.961 232.247 -24 -240.833

0 // Middle level
1 16 -160 -48 -80 0 0 -80 0 1 0 80 0 0 48\1-4ndis.dat
1 16 -43 -48 57 -60 0 0 0 1 0 0 0 -60 48\1-4ndis.dat
3 16 -286.667 -48 31.353 -240 -48 0 -258.5 -48 31.353
3 16 60 -48 -150 0 -48 -160 -.688 -48 -170.44
3 16 0 -48 -120 0 -48 -160 60 -48 -150
3 16 -120 -48 -120 -43 -48 -3 -103 -48 -3
3 16 -120 -48 -120 -103 -48 -3 -120 -48 0
3 16 40 -48 -80 40 -48 -3 0 -48 -120
4 16 -258.5 -48 40 -258.5 -48 31.353 -183 -48 57 -183 -48 57.771
4 16 -160 -48 -240 -200 -48 -286.667 -40 -48 -286.667 -80 -48 -240
4 16 -19.296 -48 -283.939 -9.384 -48 -280.579 -49.384 -48 -233.912 -59.296 -48 -237.272
4 16 -211.31 -48 -285.921 -200 -48 -286.667 -160 -48 -240 -170.44 -48 -239.312
4 16 -222.429 -48 -283.711 -211.31 -48 -285.921 -170.44 -48 -239.312 -180.704 -48 -237.272
4 16 -233.167 -48 -280.071 -222.429 -48 -283.711 -180.704 -48 -237.272 -190.616 -48 -233.912
4 16 -240 -48 0 -120 -48 0 -183 -48 57 -258.5 -48 31.353
4 16 -243.333 -48 -275.053 -233.167 -48 -280.071 -190.616 -48 -233.912 -200 -48 -229.28
4 16 -252.763 -48 -268.761 -243.333 -48 -275.053 -200 -48 -229.28 -208.704 -48 -223.472
4 16 -261.282 -48 -261.282 -252.763 -48 -268.761 -208.704 -48 -223.472 -216.568 -48 -216.568
4 16 -268.761 -48 -252.763 -261.282 -48 -261.282 -216.568 -48 -216.568 -223.472 -48 -208.704
4 16 -275.053 -48 -243.333 -268.761 -48 -252.763 -223.472 -48 -208.704 -229.28 -48 -200
4 16 -280.071 -48 -233.167 -275.053 -48 -243.333 -229.28 -48 -200 -233.912 -48 -190.616
4 16 -283.711 -48 -222.429 -280.071 -48 -233.167 -233.912 -48 -190.616 -237.272 -48 -180.704
4 16 -285.921 -48 -211.31 -283.711 -48 -222.429 -237.272 -48 -180.704 -239.312 -48 -170.44
4 16 -286.667 -48 -200 -285.921 -48 -211.31 -239.312 -48 -170.44 -240 -48 -160
4 16 -286.667 -48 31.353 -286.667 -48 -200 -240 -48 -160 -240 -48 0
4 16 -29.56 -48 -285.979 -19.296 -48 -283.939 -59.296 -48 -237.272 -69.56 -48 -239.312
4 16 -40 -48 -286.667 -29.56 -48 -285.979 -69.56 -48 -239.312 -80 -48 -240
4 16 -9.384 -48 -280.579 0 -48 -275.947 -40 -48 -229.28 -49.384 -48 -233.912
4 16 0 -48 -275.947 8.704 -48 -270.139 -31.296 -48 -223.472 -40 -48 -229.28
4 16 16.568 -48 -263.235 23.472 -48 -255.371 -16.528 -48 -208.704 -23.432 -48 -216.568
4 16 23.472 -48 -255.371 29.28 -48 -246.667 -10.72 -48 -200 -16.528 -48 -208.704
4 16 29.28 -48 -246.667 33.912 -48 -237.283 -6.088 -48 -190.616 -10.72 -48 -200
4 16 40 -48 -3 -43 -48 -3 -120 -48 -120 0 -48 -120
4 16 40 -48 -80 0 -48 -120 60 -48 -150 60 -48 -80
4 16 58.5 -48 -162 -2.728 -48 -180.704 -6.088 -48 -190.616 33.912 -48 -237.283
4 16 58.5 -48 -162 60 -48 -150 -.688 -48 -170.44 -2.728 -48 -180.704
4 16 8.704 -48 -270.139 16.568 -48 -263.235 -23.432 -48 -216.568 -31.296 -48 -223.472
4 16 -183 -48 57 -120 -48 0 -103 -48 -3 -103 -48 57

0 // Upper level
1 16 -200 -72 200 0 0 -80 0 1 0 80 0 0 48\1-4disc.dat
1 16 -40 -72 60 -60 0 0 0 1 0 0 0 -60 48\1-4disc.dat
1 16 200 -72 200 20 0 0 0 1 0 0 0 20 48\1-4ring3.dat
1 16 40 -72 60 0 0 60 0 1 0 -60 0 0 48\1-4disc.dat
1 16 115 -72 140 0 0 -15 0 1 0 15 0 0 1-4ndis.dat
3 16 60 -72 80 -40 -72 60 40 -72 60
3 16 60 -72 80 40 -72 60 100 -72 60
3 16 60 -72 240 100 -72 140 100 -72 155
3 16 100 -72 155 115 -72 155 160 -72 180
3 16 117.994 -72.005 155 160 -72 180 115 -72.005 155
3 16 -140 -72 80 -200 -72 200 -180 -72 80
4 16 -40 -72 0 40 -72 0 40 -72 60 -40 -72 60
4 16 260 -72 155 280 -72 155 280 -72 200 260 -72 200
4 16 -200 -72 280 160 -72 260 200 -72 260 200 -72 280
4 16 160 -72 260 -200 -72 280 -140 -72 240 60 -72 240
4 16 -140 -72 80 -140 -72 240 -200 -72 280 -200 -72 200
4 16 -180 -72 80 -200 -72 200 -280 -72 200 -260 -72 80
4 16 -260 -72 80 -280 -72 200 -280 -72 35 -260 -72 35
4 16 -180 -72 80 -180 -72 60 -100 -72 60 -140 -72 80
4 16 -40 -72 60 60 -72 80 -140 -72 80 -100 -72 60
4 16 60 -72 240 60 -72 80 100 -72 60 100 -72 140
4 16 160 -72 260 60 -72 240 100 -72 155 160 -72 180
4 16 117.994 -72 155 180 -72 155 180 -72 180 160 -72 180

0 // Ramp
1 16 -40 -13.995 -206.711 0 0 88.472 13.9996 1 0 -93.3334 0 0 48\3-16ndis.dat
1 16 125.669 -17.995 -180.044 134.331 0 0 0 1 14.9876 0 0 -99.9236 48\1-8disc.dat
1 16 238.333 -4.746 -268.378 -17.6777 0 -17.6777 -2.65192 1 2.65192 17.6778 0 -17.6778 1-8ndis.dat
1 16 238.333 -4.746 -268.378 -25 0 0 0 1 4.74986 0 0 -31.6672 1-4ndis.dat
3 16 63.9 -20.695 -162.044 202.978 -4.745 -268.378 220.652 -7.395 -250.709
3 16 63.9 -20.695 -162.044 41.737 -8.637 -242.429 48.472 .005 -300.044
3 16 213.333 .005 -300.044 213.333 -4.745 -268.378 202.978 -4.745 -268.378
3 16 260 -23.995 -140.044 125.669 -17.995 -180.044 260 -17.995 -180.044
4 16 65 -22.495 -150.044 63.9 -20.695 -162.044 220.652 -7.395 -250.709 125.669 -17.995 -180.044
4 16 202.978 -4.745 -268.378 63.9 -20.695 -162.044 48.472 .005 -300.044 213.333 .005 -300.044
4 16 65 -23.995 -140.044 65 -22.495 -150.044 125.669 -17.995 -180.044 260 -23.995 -140.044

0 // Lower pit
1 16 -145 0 -25 5 0 0 0 1 0 0 0 5 1-4disc.dat
1 16 -160 0 -160 -60 0 0 0 1 0 0 0 -60 48\1-4disc.dat
1 16 -160 0 -80 -60 0 0 0 1 0 0 0 60 48\1-4disc.dat
1 16 -25 0 -145 0 0 5 0 1 0 5 0 0 1-4disc.dat
1 16 -80 0 -160 0 0 60 0 1 0 -60 0 0 48\1-4disc.dat
1 16 -130 0 -130 -10 0 0 0 1 0 0 0 -10 1-4ndis.dat
1 16 -125 -40 -125 -5 0 0 0 1 0 0 0 -5 1-4disc.dat
1 16 -160 -40 -160 -10 0 0 0 1 0 0 0 -10 48\1-4ring7.dat
1 16 -160 -40 -80 -10 0 0 0 1 0 0 0 10 48\1-4ring7.dat
1 16 -20 -40 -140 10 0 0 0 1 0 0 0 10 1-4ndis.dat
1 16 -80 -40 -160 0 0 10 0 1 0 -10 0 0 48\1-4ring7.dat
1 16 -140 -40 -20 10 0 0 0 1 0 0 0 10 1-4ndis.dat
3 16 -125 -40 -130 -120 -40 -120 -125 -40 -125
3 16 -140 -40 -10 -130 -40 -10 -120 -40 0
3 16 -20 -40 -130 -10 -40 -130 0 -40 -120
3 16 0 -40 -120 -10 -40 -130 -10 -40 -140
3 16 -25 0 -145 -160 0 -160 -80 0 -160
3 16 -160 0 -80 -160 0 -160 -145 0 -25
4 16 -160 0 -160 -140 0 -140 -140 0 -25 -145 0 -25
4 16 -160 0 -220 -80 0 -220 -80 0 -160 -160 0 -160
4 16 -220 0 -160 -160 0 -160 -160 0 -80 -220 0 -80
4 16 -140 0 -140 -160 0 -160 -25 0 -145 -25 0 -140
4 16 -20 0 -145 -25 0 -145 -80 0 -160 -20 0 -160
4 16 -145 0 -20 -160 0 -20 -160 0 -80 -145 0 -25
4 16 -130 -40 -20 -130 -40 -125 -125 -40 -125 -120 -40 -120
4 16 -120 -40 -120 -125 -40 -130 -20 -40 -130 0 -40 -120
4 16 -160 -40 -10 -140 -40 -10 -120 -40 0 -160 -40 0
4 16 -160 -40 -240 -80 -40 -240 -80 -40 -230 -160 -40 -230
4 16 -240 -40 -160 -230 -40 -160 -230 -40 -80 -240 -40 -80
4 16 -130 -40 -10 -130 -40 -20 -120 -40 -120 -120 -40 0
4 16 0 -40 -160 0 -40 -120 -10 -40 -140 -10 -40 -160

0 // Upper pit
1 16 -129 -64 229 -6 0 0 0 1 0 0 0 6 1-4ndis.dat
1 16 -129 -64 91 -6 0 0 0 1 0 0 0 -6 1-4ndis.dat
1 16 49 -64 229 6 0 0 0 1 0 0 0 6 1-4ndis.dat
1 16 49 -64 91 6 0 0 0 1 0 0 0 -6 1-4ndis.dat
3 16 49 -64 235 55 -64 235 60 -64 240
3 16 60 -64 240 55 -64 235 55 -64 229
3 16 55 -64 85 49 -64 85 60 -64 80
3 16 55 -64 85 60 -64 80 55 -64 91
3 16 -140 -64 240 -135 -64 235 -129 -64 235
3 16 -135 -64 229 -135 -64 235 -140 -64 240
3 16 -135 -64 85 -140 -64 80 -129 -64 85
3 16 -135 -64 91 -140 -64 80 -135 -64 85
4 16 60 -64 240 -140 -64 240 -129 -64 235 49 -64 235
4 16 60 -64 80 49 -64 85 -129 -64 85 -140 -64 80
4 16 60 -64 80 60 -64 240 55 -64 229 55 -64 91
4 16 -135 -64 229 -140 -64 240 -140 -64 80 -135 -64 91
4 16 40 0 220 -120 0 220 -120 0 100 40 0 100

0 // Stairs right
3 16 181 -56 181 241.719 -56 241.719 235.919 -56 246.811
3 16 246.414 -48 235.615 241.365 -48 241.365 181.5 -48 181.5
3 16 180 -32 150.5 180 -32 138 182.5 -32 150.5
3 16 260 -32 150.5 257.5 -32 150.5 260 -32 138
4 16 174.165 -56 181 181 -56 181 207.7 -56 258.493 199.835 -56 259
4 16 207.7 -56 258.493 181 -56 181 222.579 -56 254.51 215.269 -56 256.988
4 16 235.919 -56 246.811 229.5 -56 251.094 222.579 -56 254.51 181 -56 181
4 16 246.414 -48 235.615 181.5 -48 181.5 254.048 -48 222.388 250.661 -48 229.25
4 16 254.048 -48 222.388 181.5 -48 181.5 257.997 -48 207.634 256.505 -48 215.14
4 16 181.5 -48 174.5 258.5 -48 200 257.997 -48 207.634 181.5 -48 181.5
4 16 182 -40 174.666 182 -40 160 258 -40 160 258 -40 199.834
4 16 182.5 -32 160 182.5 -32 150.5 257.5 -32 150.5 257.5 -32 160
4 16 200 -64 259.5 160 -64 259.5 160 -64 180.5 174 -64 180.5
4 16 182.5 -32 150.5 180 -32 138 260 -32 138 257.5 -32 150.5

0 // Stairs left
4 16 -259 -56 58.566 -259 -56 39.882 -182 -56 58 -182 -56 68.739
4 16 -259.5 -64 58.5 -181 -64 68.871 -181 -64 80 -259.5 -64 80

0 // Stairs centre
3 16 90 -32 -80 64.52 -32 -1.601 60.528 -32 -2.954
3 16 65 -32 -80 52.83 -32 -4.484 52.011 -32 -4.538
4 16 52.83 -32 -4.484 65 -32 -80 90 -32 -80 60.528 -32 -2.954
4 16 61.666 -40 -80 65 -40 -80 51.83 -40 -3.484 44 -40 -4
4 16 40 -40 -4 40 -40 -80 61.666 -40 -80 44 -40 -4

0 // Studs
1 16 -150 0 -210 0 0 1 0 1 0 -1 0 0 stud.dat
1 16 -150 0 -90 0 0 1 0 1 0 -1 0 0 stug-1x5.dat
1 16 -160 0 -310 0 0 1 0 1 0 -1 0 0 stug-12x1.dat
1 16 -190 0 -110 0 0 1 0 1 0 -1 0 0 stug-3x3.dat
1 16 -110 0 -190 0 0 1 0 1 0 -1 0 0 stug-3x3.dat
1 16 -170 0 -170 0 0 1 0 1 0 -1 0 0 stug-3x3.dat
1 16 -210 0 -150 0 0 1 0 1 0 -1 0 0 stud.dat
1 16 -270 0 -290 0 0 1 0 1 0 -1 0 0 stud.dat
1 16 -270 0 290 0 0 1 0 1 0 -1 0 0 stud.dat
1 16 -290 0 -270 0 0 1 0 1 0 -1 0 0 stud.dat
1 16 -290 0 270 0 0 1 0 1 0 -1 0 0 stud.dat
1 16 -310 0 -160 0 0 1 0 1 0 -1 0 0 stug-1x12.dat
1 16 -310 0 160 0 0 1 0 1 0 -1 0 0 stug-1x12.dat
1 16 310 0 160 0 0 1 0 1 0 -1 0 0 stug-1x12.dat
1 16 310 0 -200 0 0 1 0 1 0 -1 0 0 stug-1x12.dat
1 16 310 0 -20 0 0 1 0 1 0 -1 0 0 stug-1x6.dat
1 16 -310 0 0 0 0 1 0 1 0 -1 0 0 stug-1x4.dat
1 16 -160 0 310 0 0 1 0 1 0 -1 0 0 stug-12x1.dat
1 16 160 0 310 0 0 1 0 1 0 -1 0 0 stug-12x1.dat
1 16 0 0 310 0 0 1 0 1 0 -1 0 0 stug-4x1.dat
1 16 -90 0 -150 0 0 1 0 1 0 -1 0 0 stug-5x1.dat
1 16 -40 0 160 0 0 1 0 1 0 -1 0 0 stug-6x6.dat
1 16 30 0 160 0 0 1 0 1 0 -1 0 0 stug-1x6.dat
1 16 -110 0 160 0 0 1 0 1 0 -1 0 0 stug-1x6.dat
1 16 240 0 -310 0 0 1 0 1 0 -1 0 0 stug-6x1.dat
1 16 270 0 290 0 0 1 0 1 0 -1 0 0 stud.dat
1 16 290 0 270 0 0 1 0 1 0 -1 0 0 stud.dat
1 16 230 -24 -270 0 0 1 0 1 0 -1 0 0 stud.dat
1 16 260 -24 -260 0 0 1 0 1 0 -1 0 0 stug-2x2.dat
1 16 -300 0 -300 0 0 1 0 1 0 -1 0 0 stug-2x2.dat
1 16 -300 0 300 0 0 1 0 1 0 -1 0 0 stug-2x2.dat
1 16 300 0 300 0 0 1 0 1 0 -1 0 0 stug-2x2.dat
1 16 -240 -48 -240 0 0 1 0 1 0 -1 0 0 stug-2x2.dat
1 16 -60 0 -180 0 0 1 0 1 0 -1 0 0 stug-2x2.dat
1 16 -180 0 -60 0 0 1 0 1 0 -1 0 0 stug-2x2.dat
1 16 -240 -72 240 0 0 1 0 1 0 -1 0 0 stug-2x2.dat
1 16 80 -72 100 0 0 1 0 1 0 -1 0 0 stug-2x2.dat
1 16 80 -72 60 0 0 1 0 1 0 -1 0 0 stug-2x2.dat
1 16 80 -72 140 0 0 1 0 1 0 -1 0 0 stug-2x2.dat
1 16 270 -24 30 0 0 1 0 1 0 -1 0 0 stug-1x9.dat
1 16 270 -24 -150 0 0 1 0 1 0 -1 0 0 stug-1x9.dat
1 16 90 -24 -120 0 0 1 0 1 0 -1 0 0 stug-1x2.dat
1 16 -10 -48 -240 0 0 1 0 1 0 -1 0 0 stug-1x2.dat
1 16 -90 -72 60 0 0 1 0 1 0 -1 0 0 stug-1x2.dat
1 16 -270 -72 60 0 0 1 0 1 0 -1 0 0 stug-1x2.dat
1 16 -110 -48 -40 0 0 1 0 1 0 -1 0 0 stug-1x6.dat
1 16 -120 -48 -250 0 0 1 0 1 0 -1 0 0 stug-10x1.dat
1 16 -120 -48 -270 0 0 1 0 1 0 -1 0 0 stug-10x1.dat
1 16 -180 -48 30 0 0 1 0 1 0 -1 0 0 stug-6x1.dat
1 16 -180 -48 10 0 0 1 0 1 0 -1 0 0 stug-6x1.dat
1 16 -230 -48 -10 0 0 1 0 1 0 -1 0 0 stud.dat
1 16 -250 -48 -100 0 0 1 0 1 0 -1 0 0 stug-1x12.dat
1 16 -270 -48 -100 0 0 1 0 1 0 -1 0 0 stug-1x12.dat
1 16 -50 -48 -70 0 0 1 0 1 0 -1 0 0 stug-5x5.dat
1 16 -90 -48 -10 0 0 1 0 1 0 -1 0 0 stud.dat
1 16 10 -48 -130 0 0 1 0 1 0 -1 0 0 stug-1x11.dat
1 16 30 -48 -110 0 0 1 0 1 0 -1 0 0 stug-1x9.dat
1 16 50 -48 -110 0 0 1 0 1 0 -1 0 0 stug-1x3.dat
1 16 20 -72 40 0 0 1 0 1 0 -1 0 0 stug-4x4.dat
1 16 -170 -72 250 0 0 1 0 1 0 -1 0 0 stug-3x3.dat
1 16 -140 -72 70 0 0 1 0 1 0 -1 0 0 stug-4x1.dat
1 16 -210 -72 150 0 0 1 0 1 0 -1 0 0 stug-7x7.dat
1 16 -210 -72 250 0 0 1 0 1 0 -1 0 0 stug-1x3.dat
1 16 -40 -72 10 0 0 1 0 1 0 -1 0 0 stug-2x1.dat
1 16 -40 -72 270 0 0 1 0 1 0 -1 0 0 stug-10x1.dat
1 16 -40 -72 250 0 0 1 0 1 0 -1 0 0 stug-10x1.dat
1 16 -50 -72 50 0 0 1 0 1 0 -1 0 0 stug-3x3.dat
1 16 110 -72 210 0 0 1 0 1 0 -1 0 0 stug-5x5.dat
1 16 130 -72 270 0 0 1 0 1 0 -1 0 0 stug-7x1.dat
1 16 170 -72 170 0 0 1 0 1 0 -1 0 0 stud.dat
1 16 250 -72 250 0 0 1 0 1 0 -1 0 0 stud.dat
1 16 270 -72 180 0 0 1 0 1 0 -1 0 0 stug-1x2.dat
1 16 70 -72 30 0 0 1 0 1 0 -1 0 0 stud.dat
