0 Hinge Plate  2 x  5 Top with Large Hole
0 Name: 3148.dat
0 Author: James Jessiman
0 !LDRAW_ORG Part UPDATE 2019-02
0 !LICENSE Redistributable under CCAL version 2.0 : see CAreadme.txt

0 BFC CERTIFY CCW

0 !HISTORY 1999-05-17 [PTadmin] Official Update 1999-03
0 !HISTORY 2007-06-24 [PTadmin] Header formatted for Contributor Agreement
0 !HISTORY 2008-07-01 [PTadmin] Official Update 2008-01
0 !HISTORY 2008-07-07 [guyvivan] Made BFC Compliant (2004-11-16)
0 !HISTORY 2008-07-08 [guyvivan] Fixed bad orientation of studs and quads size near hinge (2005-11-01)
0 !HISTORY 2008-07-09 [PTadmin] Renamed from 314 (2005-12-22)
0 !HISTORY 2010-07-05 [PTadmin] Official Update 2010-02
0 !HISTORY 2017-10-20 [PTadmin] Renamed from 314e
0 !HISTORY 2017-10-20 [Philo] Corrected some bleedings and overlaps
0 !HISTORY 2019-09-09 [PTadmin] Official Update 2019-02

1 16 0 -6 -50 0 0 -1 0 -1 0 1 0 0 stug4-1x3.dat
1 16 0 -6 -30 4 0 0 0 1 0 0 0 4 4-4edge.dat
1 16 0 -10 -30 4 0 0 0 1 0 0 0 4 4-4edge.dat
2 24 16 -2 -14 -16 -2 -14
2 24 -20 -2 -8 -20 -2 -90
2 24 20 -2 -90 20 -2 -8
2 24 -4 -6 -14 -16 -6 -14
2 24 16 -6 -14 4 -6 -14
2 24 16 -10 -10 -16 -10 -10
2 24 -20 -10 -6.4 -20 -10 -90
2 24 20 -10 -90 20 -10 -6.4
2 24 20 -2 -8 -20 -2 -8
1 16 10 0 0 0 -1 0 2 0 0 0 0 2 4-4ring3.dat
1 16 -10 0 0 0 1 0 2 0 0 0 0 2 4-4ring3.dat
2 24 7.5 -4 -6.75 7.5 -4 -10
2 24 10 -4 -6.75 10 -4 -7.5
2 24 -7.5 -4 -6.75 -7.5 -4 -10
2 24 -10 -4 -6.75 -10 -4 -7.5
2 24 20 -2 -8 20 -4 -7.5
2 24 20 -4 -7.5 20 -5.5 -6.4
2 24 16 -4 -7.5 16 -5.5 -6.4
2 24 16 -10 -6.4 16 -10 -10
2 24 -16 -4 -7.5 -16 -5.5 -6.4
2 24 -16 -10 -6.4 -16 -10 -10
2 24 -20 -2 -8 -20 -4 -7.5
2 24 -20 -4 -7.5 -20 -5.5 -6.4
1 16 0 -6 -30 4 0 0 0 -1 0 0 0 4 4-4ndis.dat
1 16 0 -10 -30 4 0 0 0 1 0 0 0 4 4-4ndis.dat
0 BFC INVERTNEXT
1 16 0 -10 -30 4 0 0 0 4 0 0 0 4 4-4cyli.dat
1 16 7.5 0 0 0 -1 0 -8 0 0 0 0 -8 3-16ndis.dat
1 16 4.5 0 0 0 1 0 -8 0 0 0 0 -8 3-16ndis.dat
1 16 -4.5 0 0 0 -1 0 -8 0 0 0 0 -8 3-16ndis.dat
1 16 -7.5 0 0 0 1 0 -8 0 0 0 0 -8 3-16ndis.dat
0 BFC INVERTNEXT
1 16 10 0 0 0 -20 0 6 0 0 0 0 6 4-4cylo.dat
1 16 10 0 0 0 -20 0 -8 0 0 0 0 8 3-4cylo.dat
1 16 4.5 0 0 0 -9 0 -8 0 0 0 0 -8 1-8cylo.dat
1 16 10 0 0 0 -2.5 0 -8 0 0 0 0 -8 1-8cylo.dat
1 16 -10 0 0 0 2.5 0 -8 0 0 0 0 -8 1-8cylo.dat
4 16 16 -2 -8 16 -4 -7.5 20 -4 -7.5 20 -2 -8
1 16 13 -3 -7.75 -3 0 0 0 0 -1 0 -1 0.25 rect2a.dat
1 16 18 -7.75 -6.4 0 0 2 -2.25 0 0 0 -1 0 rect.dat
4 16 -20 -2 -8 -20 -4 -7.5 -16 -4 -7.5 -16 -2 -8
1 16 -13 -3 -7.75 0 0 3 -1 0 0 0.25 -1 0 rect2a.dat
5 24 -16 -4 -7.5 -20 -4 -7.5 -16 -2 -8 -16 -5.5 -6.4
5 24 16 -4 -7.5 20 -4 -7.5 16 -2 -8 16 -5.5 -6.4
4 16 -20 -4 -7.5 -20 -5.5 -6.4 -16 -5.5 -6.4 -16 -4 -7.5
4 16 16 -4 -7.5 16 -5.5 -6.4 20 -5.5 -6.4 20 -4 -7.5
1 16 -18 -7.75 -6.4 0 0 2 -2.25 0 0 0 -1 0 rect.dat
3 16 20 -4 -7.5 20 -5.5 -6.4 20 -10 -6.4
3 16 20 -2 -8 20 -4 -7.5 20 -10 -6.4
4 16 -16 -10 -6.4 -16 -10 -10 -16 -4 -7.5 -16 -5.5 -6.4
4 16 16 -5.5 -6.4 16 -4 -7.5 16 -10 -10 16 -10 -6.4
3 16 -16 -4 -10 -16 -4 -7.5 -16 -10 -10
3 16 16 -10 -10 16 -4 -7.5 16 -4 -10
3 16 -20 -10 -6.4 -20 -5.5 -6.4 -20 -4 -7.5
3 16 -20 -2 -8 -20 -10 -6.4 -20 -4 -7.5
4 16 7.5 -4 -10 7.5 -3.0616 -7.3912 7.5 -8 -8 7.5 -10 -10
3 16 7.5 -10 -10 7.5 -8 -8 7.5 -8 0
4 16 4.5 -10 -10 4.5 -8 -8 4.5 -3.0616 -7.3912 4.5 -4 -10
3 16 4.5 -10 -10 4.5 -8 0 4.5 -8 -8
4 16 -4.5 -4 -10 -4.5 -3.0616 -7.3912 -4.5 -8 -8 -4.5 -10 -10
3 16 -4.5 -10 -10 -4.5 -8 -8 -4.5 -8 0
4 16 -7.5 -10 -10 -7.5 -8 -8 -7.5 -3.0616 -7.3912 -7.5 -4 -10
3 16 -7.5 -10 -10 -7.5 -8 0 -7.5 -8 -8
1 16 0 -1 -8 0 0 -10 -1 0 0 0 1 0 rect2p.dat
1 16 0 -4 -8.375 0 0 -4.5 0 1 0 1.625 0 0 rect.dat
4 16 -7.5 -4 -10 -7.5 -4 -6.75 -10 -4 -6.75 -10 -4 -7.5
4 16 10 -4 -7.5 10 -4 -6.75 7.5 -4 -6.75 7.5 -4 -10
4 16 10 -4 -7.5 7.5 -4 -10 16 -4 -10 16 -4 -7.5
4 16 -16 -4 -7.5 -16 -4 -10 -7.5 -4 -10 -10 -4 -7.5
2 24 -16 -4 -10 -16 -4 -7.5
2 24 16 -4 -10 16 -4 -7.5
4 16 20 -2 -8 16 -2 -14 -16 -2 -14 -20 -2 -8
4 16 -20 -2 -90 -16 -2 -86 16 -2 -86 20 -2 -90
4 16 20 -2 -90 16 -2 -86 16 -2 -14 20 -2 -8
4 16 -20 -2 -8 -16 -2 -14 -16 -2 -86 -20 -2 -90
4 16 -4 -2.5 -14 -4 -6 -14 -16 -6 -14 -16 -2 -14
4 16 16 -2 -14 16 -6 -14 4 -6 -14 4 -2.5 -14
4 16 16 -2 -14 4 -2.5 -14 -4 -2.5 -14 -16 -2 -14
0 BFC INVERTNEXT
1 16 0 -4 -14 0 0 -16 2 0 0 0 -72 0 box3u2p.dat
4 16 -16 -6 -86 -4 -6 -34 4 -6 -34 16 -6 -86
4 16 -4 -6 -26 -4 -6 -24 4 -6 -24 4 -6 -26
4 16 16 -6 -86 4 -6 -34 4 -6 -14 16 -6 -14
4 16 -16 -6 -14 -4 -6 -14 -4 -6 -34 -16 -6 -86
1 16 11.75 -7 -10 4.25 0 0 0 0 3 0 -1 0 rect3.dat
1 16 0 -7 -10 0 0 -4.5 3 0 0 0 -1 0 rect2p.dat
1 16 -11.75 -7 -10 4.25 0 0 0 0 3 0 -1 0 rect3.dat
1 16 0 -6 -90 20 0 0 0 0 -4 0 1 0 rect.dat
4 16 20 -2 -8 20 -10 -6.4 20 -10 -90 20 -2 -90
4 16 -20 -10 -6.4 -20 -2 -8 -20 -2 -90 -20 -10 -90
1 16 6 -9 -5 0 0 1.5 -1 1 0 -5 0 0 rect2p.dat
1 16 -6 -9 -5 0 0 1.5 -1 1 0 -5 0 0 rect2p.dat
4 16 20 -10 -90 4 -10 -34 -4 -10 -34 -20 -10 -90
1 16 0 -10 -70 0 0 -1 0 1 0 1 0 0 stug-2x2.dat
1 16 0 -10 -30 0 0 -1 0 1 0 1 0 0 stug-2x2.dat
1 16 0 -2.5 -18.6175 -4 0 0 0 -1 0 0 0 4.6175 rect3.dat
1 16 4 -4.25 -18.6175 0 -1 0 0 0 -1.75 4.6175 0 0 rect3.dat
1 16 -4 -4.25 -18.6175 0 1 0 0 0 -1.75 -4.6175 0 0 rect3.dat
1 16 0 -2.5 -30 3.06147 0 -7.39104 0 -1 0 7.39104 0 3.06147 1-8edge.dat
2 24 4 -2.5 -23.235 3.064 -2.5 -22.608
2 24 -4 -2.5 -23.235 -3.064 -2.5 -22.608

4 16 10 -3.0616 -7.3912 10 -4 -7.5 10 -2 -8 10 0 -8
4 16 -10 -2 -8 -10 -4 -7.5 -10 -3.0616 -7.3912 -10 0 -8
3 16 -10 -4 -7.5 -10 -4 -6.75 -10 -3.0616 -7.3912
3 16 10 -4 -6.75 10 -4 -7.5 10 -3.0616 -7.3912
1 16 -8.75 -4.8284 -6.2034 -1.25 0 0 0 0 0.8284 0 1 -0.5466 rect3.dat
1 16 8.75 -4.8284 -6.2034 -1.25 0 0 0 0 0.8284 0 1 -0.5466 rect3.dat
1 16 0 -4.8284 -6.2034 0 0 4.5 0.8284 0 0 -0.5466 1 0 rect2p.dat
4 16 -20 -10 -90 -4 -10 -34 -4 -10 -26 -16 -10 -10
4 16 -20 -10 -90 -16 -10 -10 -16 -10 -6.4 -20 -10 -6.4
4 16 4 -10 -26 4 -10 -34 20 -10 -90 16 -10 -10
4 16 16 -10 -6.4 16 -10 -10 20 -10 -90 20 -10 -6.4
4 16 -4 -10 -26 4 -10 -26 16 -10 -10 -16 -10 -10
