0 Baseplate 16 x 32 with Square Corners
0 Name: 3857.dat
0 Author: James Jessiman
0 !LDRAW_ORG Part UPDATE 2009-01
0 !LICENSE Redistributable under CCAL version 2.0 : see CAreadme.txt

0 BFC CERTIFY CCW

0 !HISTORY 1999-05-17 [PTadmin] Official Update 1999-03
0 !HISTORY 2007-06-30 [PTadmin] Header formatted for Contributor Agreement
0 !HISTORY 2008-07-01 [PTadmin] Official Update 2008-01
0 !HISTORY 2008-07-07 [DeannaEarley] BFCd and used stud groups (2008-02-26)
0 !HISTORY 2009-05-02 [PTadmin] Official Update 2009-01

1 16 -240 0 -80 1 0 0 0 1 0 0 0 1 stug8.dat
1 16 -240 0 80 1 0 0 0 1 0 0 0 1 stug8.dat
1 16 -80 0 -80 1 0 0 0 1 0 0 0 1 stug8.dat
1 16 -80 0 80 1 0 0 0 1 0 0 0 1 stug8.dat
1 16 80 0 -80 1 0 0 0 1 0 0 0 1 stug8.dat
1 16 80 0 80 1 0 0 0 1 0 0 0 1 stug8.dat
1 16 240 0 -80 1 0 0 0 1 0 0 0 1 stug8.dat
1 16 240 0 80 1 0 0 0 1 0 0 0 1 stug8.dat

0 Bottom edge
1 16 316 4 156 4 0 0 0 1 0 0 0 4 1-4edge.dat
2 24 316 4 160 -316 4 160
1 16 -316 4 156 -4 0 0 0 1 0 0 0 4 1-4edge.dat
2 24 -320 4 156 -320 4 -156
1 16 -316 4 -156 -4 0 0 0 1 0 0 0 -4 1-4edge.dat
2 24 -316 4 -160 316 4 -160
1 16 316 4 -156 4 0 0 0 1 0 0 0 -4 1-4edge.dat
2 24 320 4 -156 320 4 156

0 Top edge
1 16 316 0 156 4 0 0 0 1 0 0 0 4 1-4edge.dat
2 24 316 0 160 -316 0 160
1 16 -316 0 156 -4 0 0 0 1 0 0 0 4 1-4edge.dat
2 24 -320 0 156 -320 0 -156
1 16 -316 0 -156 -4 0 0 0 1 0 0 0 -4 1-4edge.dat
2 24 -316 0 -160 316 0 -160
1 16 316 0 -156 4 0 0 0 1 0 0 0 -4 1-4edge.dat
2 24 320 0 -156 320 0 156

0 Top face
1 16 316 4 156 4 0 0 0 -1 0 0 0 4 1-4disc.dat
4 16 -316 4 156 -316 4 160 316 4 160 316 4 156
1 16 -316 4 156 -4 0 0 0 -1 0 0 0 4 1-4disc.dat
4 16 -316 4 -156 -320 4 -156 -320 4 156 -316 4 156
1 16 -316 4 -156 -4 0 0 0 -1 0 0 0 -4 1-4disc.dat
4 16 316 4 -156 316 4 -160 -316 4 -160 -316 4 -156
1 16 316 4 -156 4 0 0 0 -1 0 0 0 -4 1-4disc.dat
4 16 316 4 156 320 4 156 320 4 -156 316 4 -156
4 16 316 4 -156 -316 4 -156 -316 4 156 316 4 156

0 Bottom face
1 16 316 0 156 4 0 0 0 1 0 0 0 4 1-4disc.dat
4 16 316 0 156 316 0 160 -316 0 160 -316 0 156
1 16 -316 0 156 -4 0 0 0 1 0 0 0 4 1-4disc.dat
4 16 -316 0 156 -320 0 156 -320 0 -156 -316 0 -156
1 16 -316 0 -156 -4 0 0 0 1 0 0 0 -4 1-4disc.dat
4 16 -316 0 -156 -316 0 -160 316 0 -160 316 0 -156
1 16 316 0 -156 4 0 0 0 1 0 0 0 -4 1-4disc.dat
4 16 316 0 -156 320 0 -156 320 0 156 316 0 156
4 16 316 0 156 -316 0 156 -316 0 -156 316 0 -156

0 Outside edge
1 16 316 0 156 4 0 0 0 4 0 0 0 4 1-4cyli.dat
4 16 -316 4 160 -316 0 160 316 0 160 316 4 160
1 16 -316 0 156 -4 0 0 0 4 0 0 0 4 1-4cyli.dat
4 16 -320 4 -156 -320 0 -156 -320 0 156 -320 4 156
1 16 -316 0 -156 -4 0 0 0 4 0 0 0 -4 1-4cyli.dat
4 16 316 4 -160 316 0 -160 -316 0 -160 -316 4 -160
1 16 316 0 -156 4 0 0 0 4 0 0 0 -4 1-4cyli.dat
4 16 320 4 156 320 0 156 320 0 -156 320 4 -156
