0 Fabuland Rake
0 Name: 4324.dat
0 Author: Philippe Hurbain [Philo]
0 !LDRAW_ORG Part UPDATE 2011-01
0 !LICENSE Redistributable under CCAL version 2.0 : see CAreadme.txt

0 BFC CERTIFY CCW
0 !CATEGORY Figure Accessory

0 !HISTORY 2011-07-25 [PTadmin] Official Update 2011-01

1 16 0 -100 2.125 -33 0 0 0 1 0 0 -0.19397 -1.5 rect.dat
1 16 -27 -92 -0.927 -6 0 0 0 0 6 0 1 -1.16379 1-4edge.dat
1 16 -27 -92 -0.927 -6 0 0 0 0 6 0 2 -1.16379 1-4cyli.dat
1 16 -27 -92 -0.927 -6 0 0 0 0 6 0 1 -1.16379 1-4disc.dat
1 16 -23 -61.701 -6.804 0 0 24.895 -24.2987 0 0 4.71311 1 0 3-16edge.dat
1 16 -23 -61.701 -6.804 0 0 24.895 -24.2987 0 0 4.71311 1 0 3-16ndis.dat
1 16 27 -92 -0.927 6 0 0 0 0 6 0 1 -1.16379 1-4edge.dat
1 16 27 -92 -0.927 6 0 0 0 0 6 0 1 -1.16379 1-4disc.dat
1 16 23 -61.701 -6.804 0 0 -24.895 -24.2987 0 0 4.71311 1 0 3-16edge.dat
1 16 23 -61.701 -6.804 0 0 -24.895 -24.2987 0 0 4.71311 1 0 3-16ndis.dat
4 16 33 -100 0.625 -33 -100 0.625 -27 -92 -0.927 27 -92 -0.927
4 16 27 -92 -0.927 -27 -92 -0.927 -23 -86 -2.091 23 -86 -2.091
2 24 -33 -100 0.625 -33 -92 -0.927
2 24 -23 -86 -2.091 -27 -86 -2.091
2 24 27 -86 -2.091 23 -86 -2.091
2 24 33 -100 0.625 33 -92 -0.927
3 16 -33 -100 0.625 -33 -92 -0.927 -27 -92 -0.927
3 16 -27 -92 -0.927 -27 -86 -2.091 -23 -86 -2.091
3 16 33 -100 0.625 27 -92 -0.927 33 -92 -0.927
3 16 27 -92 -0.927 23 -86 -2.091 27 -86 -2.091
1 16 0 -97 0.043 -1.5 0 0 0 -1.2 1.5 0 -11.7672 -0.29095 4-4con1.dat
1 16 0 -98.2 -11.724 -1.5 0 0 0 0.1 1.5 0 0.9806 -0.29095 4-4edge.dat
1 16 0 -98.2 -11.724 -1.5 0 0 0 0.1 1.5 0 0.9806 -0.29095 4-4disc.dat
1 16 0 -97 0.043 -3 0 0 0 0.1 3 0 0.9806 -0.5819 4-4edge.dat
1 16 10 -97 0.043 -1.5 0 0 0 -1.2 1.5 0 -11.7672 -0.29095 4-4con1.dat
1 16 10 -98.2 -11.724 -1.5 0 0 0 0.1 1.5 0 0.9806 -0.29095 4-4edge.dat
1 16 10 -98.2 -11.724 -1.5 0 0 0 0.1 1.5 0 0.9806 -0.29095 4-4disc.dat
1 16 10 -97 0.043 -3 0 0 0 0.1 3 0 0.9806 -0.5819 4-4edge.dat
1 16 20 -97 0.043 -1.5 0 0 0 -1.2 1.5 0 -11.7672 -0.29095 4-4con1.dat
1 16 20 -98.2 -11.724 -1.5 0 0 0 0.1 1.5 0 0.9806 -0.29095 4-4edge.dat
1 16 20 -98.2 -11.724 -1.5 0 0 0 0.1 1.5 0 0.9806 -0.29095 4-4disc.dat
1 16 20 -97 0.043 -3 0 0 0 0.1 3 0 0.9806 -0.5819 4-4edge.dat
1 16 30 -97 0.043 -1.5 0 0 0 -1.2 1.5 0 -11.7672 -0.29095 4-4con1.dat
1 16 30 -98.2 -11.724 -1.5 0 0 0 0.1 1.5 0 0.9806 -0.29095 4-4edge.dat
1 16 30 -98.2 -11.724 -1.5 0 0 0 0.1 1.5 0 0.9806 -0.29095 4-4disc.dat
1 16 30 -97 0.043 -3 0 0 0 0.1 3 0 0.9806 -0.5819 4-4edge.dat
1 16 -10 -97 0.043 -1.5 0 0 0 -1.2 1.5 0 -11.7672 -0.29095 4-4con1.dat
1 16 -10 -98.2 -11.724 -1.5 0 0 0 0.1 1.5 0 0.9806 -0.29095 4-4edge.dat
1 16 -10 -98.2 -11.724 -1.5 0 0 0 0.1 1.5 0 0.9806 -0.29095 4-4disc.dat
1 16 -10 -97 0.043 -3 0 0 0 0.1 3 0 0.9806 -0.5819 4-4edge.dat
1 16 -20 -97 0.043 -1.5 0 0 0 -1.2 1.5 0 -11.7672 -0.29095 4-4con1.dat
1 16 -20 -98.2 -11.724 -1.5 0 0 0 0.1 1.5 0 0.9806 -0.29095 4-4edge.dat
1 16 -20 -98.2 -11.724 -1.5 0 0 0 0.1 1.5 0 0.9806 -0.29095 4-4disc.dat
1 16 -20 -97 0.043 -3 0 0 0 0.1 3 0 0.9806 -0.5819 4-4edge.dat
1 16 -30 -97 0.043 -1.5 0 0 0 -1.2 1.5 0 -11.7672 -0.29095 4-4con1.dat
1 16 -30 -98.2 -11.724 -1.5 0 0 0 0.1 1.5 0 0.9806 -0.29095 4-4edge.dat
1 16 -30 -98.2 -11.724 -1.5 0 0 0 0.1 1.5 0 0.9806 -0.29095 4-4disc.dat
1 16 -30 -97 0.043 -3 0 0 0 0.1 3 0 0.9806 -0.5819 4-4edge.dat
1 16 0 -71 5.3 1.5 0 0 0 0 -1.5 0 1 0 4-4edge.dat
1 16 0 -71 5 0 0 1.5 1.5 0 0 0 1 -0.29264 1-4edge.dat
1 16 0 -71 5 0 0 -1.5 1.5 0 0 0 1 -0.29264 1-4edge.dat
1 16 0 -71 5 0 0 1.5 -1.5 0 0 -0.17264 1 -0.29264 1-4edge.dat
1 16 0 -71 5 0 0 -1.5 -1.5 0 0 -0.17264 1 -0.29264 1-4edge.dat
1 16 0 -71 5.3 1.5 0 0 0 0 -1.5 0 -1 0 4-4disc.dat
1 16 0 -71 0 5 0 0 0 4 0 0 0 5 4-4cylo.dat
1 16 0 -71 4.7 1.5 0 0 0 0 -1.5 0 0.6 0 4-4cyli.dat
1 16 0 -71 0 5 0 0 0 -24 0 0 1.6 5 4-4con0.dat
1 16 0 69 0 4 0 0 0 4 0 0 0 4 4-8sphe.dat
1 16 0 -67 0 4 0 0 0 136 0 0 0 4 4-4cyli.dat
1 16 0 -67 0 4 0 0 0 1 0 0 0 4 4-4edge.dat
1 16 0 -67 0 1 0 0 0 -1 0 0 0 1 4-4ring4.dat
1 16 -27 -92 2.625 -6 0 0 0 0 6 0 -1 -0.75 1-4edge.dat
1 16 -27 -92 2.625 -6 0 0 0 0 6 0 -2 -0.75 1-4cyli.dat
1 16 27 -92 -0.927 6 0 0 0 0 6 0 2 -1.16379 1-4cyli.dat
1 16 27 -92 2.625 6 0 0 0 0 6 0 -2 -0.75 1-4cyli.dat
1 16 -27 -92 2.625 -6 0 0 0 0 6 0 -1 -0.75 1-4disc.dat
1 16 -23 -61.701 -1.162 0 0 19.483 -24.2987 0 0 3.03734 -1 0 3-16edge.dat
1 16 -23 -61.701 -1.162 0 0 19.483 -24.2987 0 0 3.03734 -1 0 3-16ndis.dat
1 16 27 -92 2.625 6 0 0 0 0 6 0 -1 -0.75 1-4edge.dat
1 16 27 -92 2.625 6 0 0 0 0 6 0 -1 -0.75 1-4disc.dat
1 16 23 -61.701 -1.162 0 0 -19.483 -24.2987 0 0 3.03734 -1 0 3-16edge.dat
1 16 23 -61.701 -1.162 0 0 -19.483 -24.2987 0 0 3.03734 -1 0 3-16ndis.dat
4 16 27 -92 2.625 -27 -92 2.625 -33 -100 3.625 33 -100 3.625
4 16 23 -86 1.875 -23 -86 1.875 -27 -92 2.625 27 -92 2.625
2 24 -33 -100 3.625 -33 -92 2.625
2 24 -23 -86 1.875 -27 -86 1.875
2 24 27 -86 1.875 23 -86 1.875
2 24 33 -100 3.625 33 -92 2.625
3 16 -27 -92 2.625 -33 -92 2.625 -33 -100 3.625
3 16 -23 -86 1.875 -27 -86 1.875 -27 -92 2.625
3 16 33 -92 2.625 27 -92 2.625 33 -100 3.625
3 16 27 -86 1.875 23 -86 1.875 27 -92 2.625
4 16 5 -71 0 -5 -71 0 -3 -100 3.625 3 -100 3.625
2 24 -0.445 -89.418 2.302 0 -89.75 2.344
2 24 -0.445 -89.418 2.302 -1.003 -88.192 2.149
2 24 -1.003 -88.192 2.149 -1.952 -84.86 1.732
2 24 -1.952 -84.86 1.732 -5 -71 0
2 24 1.952 -84.86 1.732 5 -71 0
2 24 1.003 -88.192 2.149 1.952 -84.86 1.732
2 24 0.445 -89.418 2.302 1.003 -88.192 2.149
2 24 0 -89.75 2.344 0.445 -89.418 2.302
4 16 33 -92 -0.927 33 -92 2.625 33 -100 3.625 33 -100 0.625
4 16 -33 -100 0.625 -33 -100 3.625 -33 -92 2.625 -33 -92 -0.927
3 16 5.397 -78.883 -3.471 0 -71 -5 5 -71 0
3 16 9.224 -78.883 0.986 5.397 -78.883 -3.471 5 -71 0
3 16 13.473 -84.151 -2.45 5.397 -78.883 -3.471 9.224 -78.883 0.986
3 16 15.544 -84.151 1.644 13.473 -84.151 -2.45 9.224 -78.883 0.986
3 16 23 -86 -2.091 13.473 -84.151 -2.45 15.544 -84.151 1.644
3 16 23 -86 1.875 23 -86 -2.091 15.544 -84.151 1.644
4 16 27 -86 1.875 27 -86 -2.091 23 -86 -2.091 23 -86 1.875
5 24 5 -71 0 5.397 -78.883 -3.471 0 -71 -5 9.224 -78.883 0.986
5 24 5.397 -78.883 -3.471 9.224 -78.883 0.986 5 -71 0 13.473 -84.151 -2.45
5 24 9.224 -78.883 0.986 13.473 -84.151 -2.45 5.397 -78.883 -3.471 15.544 -84.151 1.644
5 24 13.473 -84.151 -2.45 15.544 -84.151 1.644 9.224 -78.883 0.986 23 -86 -2.091
5 24 15.544 -84.151 1.644 23 -86 -2.091 13.473 -84.151 -2.45 23 -86 1.875
5 24 23 -86 -2.091 23 -86 1.875 15.544 -84.151 1.644 27 -86 -2.091
3 16 -5 -71 0 0 -71 -5 -5.397 -78.883 -3.471
3 16 -5 -71 0 -5.397 -78.883 -3.471 -9.224 -78.883 0.986
3 16 -9.224 -78.883 0.986 -5.397 -78.883 -3.471 -13.473 -84.151 -2.45
3 16 -9.224 -78.883 0.986 -13.473 -84.151 -2.45 -15.544 -84.151 1.644
3 16 -15.544 -84.151 1.644 -13.473 -84.151 -2.45 -23 -86 -2.091
3 16 -15.544 -84.151 1.644 -23 -86 -2.091 -23 -86 1.875
4 16 -23 -86 1.875 -23 -86 -2.091 -27 -86 -2.091 -27 -86 1.875
5 24 -5 -71 0 -5.397 -78.883 -3.471 0 -71 -5 -9.224 -78.883 0.986
5 24 -5.397 -78.883 -3.471 -9.224 -78.883 0.986 -5 -71 0 -13.473 -84.151 -2.45
5 24 -9.224 -78.883 0.986 -13.473 -84.151 -2.45 -5.397 -78.883 -3.471 -15.544 -84.151 1.644
5 24 -13.473 -84.151 -2.45 -15.544 -84.151 1.644 -9.224 -78.883 0.986 -23 -86 -2.091
5 24 -15.544 -84.151 1.644 -23 -86 -2.091 -13.473 -84.151 -2.45 -23 -86 1.875
5 24 -23 -86 -2.091 -23 -86 1.875 -15.544 -84.151 1.644 -27 -86 -2.091
