0 Brick  2 x  2 Corner Round w Stud Notch and Reinforced Underside
0 Name: 85080.dat
0 Author: Max Martin Richter [MMR1988]
0 !LDRAW_ORG Part UPDATE 2013-01
0 !LICENSE Redistributable under CCAL version 2.0 : see CAreadme.txt

0 BFC CERTIFY CCW

0 !KEYWORDS macaroni

0 !HISTORY 2013-07-21 [PTadmin] Official Update 2013-01

0 // outside

0 BFC INVERTNEXT
1 16 -10 0 10 20 0 0 0 24 0 0 0 -20 1-4cylo.dat

1 16 -10 0 10 40 0 0 0 24 0 0 0 -40 48\1-12cylo.dat
3 16 24.64 24 -10 22.31824 20 -13.47944 22.31824 24 -13.47944
4 16 24.64 24 -10 24.64 0 -10 22.31824 0 -13.47944 22.31824 20 -13.47944
4 16 22.31824 20 -13.47944 22.31824 0 -13.47944 21.7329 0 -14.3501 21.7329 20 -14.3501
1 16 -10 0 10 24.35046 0 31.73413 0 20 0 -31.73413 0 24.35046 48\1-24cylo.dat
4 16 14.35046 20 -21.73413 14.35046 0 -21.73413 13.47944 0 -22.31824 13.47944 20 -22.31824
4 16 10 0 -24.64 10 24 -24.64 13.47944 20 -22.31824 13.47944 0 -22.31824
3 16 10 24 -24.64 13.47944 24 -22.31824 13.47944 20 -22.31824
1 16 -10 0 10 0 0 40 0 24 0 -40 0 0 48\1-12cylo.dat

1 16 20 12 10 10 0 0 0 0 12 0 -1 0 rect.dat
1 16 -10 12 -20 0 1 0 0 0 12 -10 0 0 rect.dat

0 // top

1 16 -10 0 10 0 0 20 0 1 0 -20 0 0 1-4ring1.dat
1 16 -10 0 10 0 0 40 0 1 0 -40 0 0 48\1-4aring.dat

0 // bottom

3 16 -4.78 24 -29.656 -10 24 -30 -6 24 -26
4 16 0.352 24 -28.636 -4.78 24 -29.656 -6 24 -26 0 24 -26
4 16 5.308 24 -26.956 0.352 24 -28.636 0 24 -26 6 24 -26
3 16 10 24 -24.64 5.308 24 -26.956 6 24 -26
4 16 13.47944 24 -22.31824 10 24 -24.64 9 24 -20.50874 10.60136 24 -19.44016
1 16 12.0404 22 -20.8792 0 -1 1.43904 2 0 0 0 0 -1.43904 rect.dat
4 16 10.60136 20 -19.44016 11.91536 20 -18.56078 14.3504 20 -21.7342 13.47944 20 -22.31824
4 16 6 24 -20 9 24 -20.50874 10 24 -24.64 6 24 -26
4 16 6 24 -20 6 24 -7.61908 9 24 -9 9 24 -20.50874
4 16 -2.346 24 -8.478 4.142 24 -4.142 6 24 -7.61908 1.5 24 -10.62588
3 16 1.5 24 -10.62588 -1.5 24 -12.30925 -2.346 24 -8.478
4 16 1.5 24 -14 -1.5 24 -14 -1.5 24 -12.30925 1.5 24 -10.62588
4 16 -10 24 -10 -2.346 24 -8.478 -1.5 24 -12.30925 -6 24 -13.20436
4 16 -6 24 -13.20436 -6 24 -26 -10 24 -30 -10 24 -10
1 16 0 24 -20 0 0 6 0 -1 0 -6 0 0 1-4ndis.dat

1 16 -10 20 10 2.43504 0 3.17342 0 -1 0 -3.17342 0 2.43504 48\1-24rin9.dat
4 16 4.142 24 -4.142 7.61908 24 -6 9 24 -9 6 24 -7.61908

3 16 26 24 6 30 24 10 29.656 24 4.78
4 16 26 24 0 26 24 6 29.656 24 4.78 28.636 24 -0.352
4 16 26 24 -6 26 24 0 28.636 24 -0.352 26.956 24 -5.308
3 16 26 24 -6 26.956 24 -5.308 24.64 24 -10
4 16 19.44016 24 -10.60136 20.50874 24 -9 24.64 24 -10 22.31824 24 -13.47944
1 16 20.8792 22 -12.0404 0 0 1.43904 2 0 0 0 1 -1.43904 rect.dat
4 16 22.31824 20 -13.47944 21.73286 20 -14.35018 18.55958 20 -11.91516 19.44016 20 -10.60136
4 16 26 24 -6 24.64 24 -10 20.50874 24 -9 20 24 -6
4 16 20.50874 24 -9 9 24 -9 7.61908 24 -6 20 24 -6
4 16 10.62588 24 -1.5 7.61908 24 -6 4.142 24 -4.142 8.478 24 2.346
3 16 8.478 24 2.346 12.30925 24 1.5 10.62588 24 -1.5
4 16 10.62588 24 -1.5 12.30925 24 1.5 14 24 1.5 14 24 -1.5
4 16 13.20436 24 6 12.30925 24 1.5 8.478 24 2.346 10 24 10
4 16 10 24 10 30 24 10 26 24 6 13.20436 24 6
1 16 20 24 0 6 0 0 0 -1 0 0 0 -6 1-4ndis.dat

0 // underside - inside

0 BFC INVERTNEXT
1 16 -3 14 -19.60218 0 -3 0 10 0 0 0 0 -6.39782 box2-7.dat
0 BFC INVERTNEXT
1 16 -3.75 14 -13.60218 0 2.25 0 10 0 0 0 0.44755 0.84538 box2-5.dat
1 16 0 14 -12.31294 0 1.5 0 10 0 0 0 0 -1.68706 box2-7.dat
0 BFC INVERTNEXT
1 16 3.75 14 -15.31294 0 2.25 0 10 0 0 0 1.5034 6.19046 box2-7.dat
0 BFC INVERTNEXT
1 16 0 4 -20 0 0 6 0 20 0 -6 0 0 1-4cylc.dat

0 BFC INVERTNEXT
1 16 19.60218 14 3 0 0 6.39782 10 0 0 0 3 0 box2-7.dat
0 BFC INVERTNEXT
1 16 13.60218 14 3.75 0 -0.44755 -0.84538 10 0 0 0 -2.25 0 box2-5.dat
1 16 12.31294 14 0 0 0 1.68706 10 0 0 0 -1.5 0 box2-7.dat
0 BFC INVERTNEXT
1 16 15.31294 14 -3.75 0 -1.5034 -6.19046 10 0 0 0 -2.25 0 box2-7.dat
0 BFC INVERTNEXT
1 16 20 4 0 6 0 0 0 20 0 0 0 -6 1-4cylc.dat

0 BFC INVERTNEXT
1 16 -10 4 10 21.91541 0 28.56072 0 16 0 -28.56072 0 21.91541 48\1-24cylo.dat

3 16 10.60136 20 -19.44016 10.60136 24 -19.44016 9 24 -20.50874
4 16 9 24 -20.50874 9 4 -20.50874 10.60136 4 -19.44016 10.60136 20 -19.44016
4 16 11.91541 4 -18.56072 11.91536 20 -18.56078 10.60136 20 -19.44016 10.60136 4 -19.44016

4 16 18.55958 20 -11.91516 18.55961 4 -11.91509 19.44016 4 -10.60136 19.44016 20 -10.60136
4 16 20.50874 4 -9 20.50874 24 -9 19.44016 20 -10.60136 19.44016 4 -10.60136
3 16 19.44016 24 -10.60136 19.44016 20 -10.60136 20.50874 24 -9

0 BFC INVERTNEXT
1 16 14.75437 14 -14.75437 0 -5.75437 0 10 0 0 0 0 5.75437 box2-5.dat

0 // underside - top

4 16 -6 4 -26 -6 4 -13.20436 -1.5 4 -12.30925 -1.5 4 -14
4 16 0 4 -26 -6 4 -26 -1.5 4 -14 0 4 -20
4 16 0 4 -20 -1.5 4 -14 1.5 4 -14 6 4 -20
4 16 6 4 -20 1.5 4 -14 1.5 4 -10.62588 6 4 -7.61908

4 16 14 4 1.5 12.30925 4 1.5 13.20436 4 6 26 4 6
4 16 20 4 0 14 4 1.5 26 4 6 26 4 0
4 16 20 4 -6 14 4 -1.5 14 4 1.5 20 4 0
4 16 7.61908 4 -6 10.62588 4 -1.5 14 4 -1.5 20 4 -6

4 16 9 4 -9 20.50874 4 -9 18.55961 4 -11.91509 15.45411 4 -15.45514
4 16 15.45514 4 -15.45411 11.91509 4 -18.55961 9 4 -20.50874 9 4 -9

0 // additional edges and condlines

2 24 1.5 4 -10.62588 1.5 24 -10.62588
2 24 10.62588 4 -1.5 10.62588 24 -1.5
2 24 24.64 0 -10 21.736 0 -14.352
2 24 14.35046 0 -21.73413 10 0 -24.64
2 24 22.31824 20 -13.47944 21.736 20 -14.352
2 24 14.35046 20 -21.73413 13.47944 20 -22.31824
2 24 24.64 24 -10 22.31824 24 -13.47944
2 24 13.47944 24 -22.31824 10 24 -24.64
2 24 9 24 -20.50874 10.60136 24 -19.44016
2 24 10.60136 20 -19.44016 11.91536 20 -18.56078
2 24 9 4 -20.50874 11.91536 4 -18.56078
2 24 20.50874 24 -9 19.44016 24 -10.60136
2 24 19.44016 20 -10.60136 18.56078 20 -11.91536
2 24 20.50874 4 -9 18.56078 4 -11.91536

5 24 24.64 24 -10 24.64 0 -10 26.956 24 -5.308 21.736 24 -14.352
5 24 21.736 20 -14.352 21.736 0 -14.352 24.64 24 -10 18.284 20 -18.284
5 24 14.352 20 -21.736 14.352 0 -21.736 18.284 20 -18.284 10 24 -24.64
5 24 10 24 -24.64 10 0 -24.64 14.352 24 -21.736 5.308 24 -26.956
5 24 11.9154 4 -18.5607 11.9154 20 -18.5608 10.6014 20 -19.4402 15.4541 4 -15.4551
5 24 18.5596 20 -11.9152 18.5596 4 -11.9151 19.4402 4 -10.6014 15.4541 20 -15.4551

0 // studs

1 16 20 0 0 0 0 1 0 1 0 -1 0 0 stud.dat
1 16 0 0 -20 0 0 1 0 1 0 -1 0 0 stud.dat