0 Figure Fabuland Arm
0 Name: u9101.dat
0 Author: Philippe Hurbain [Philo]
0 !LDRAW_ORG Part UPDATE 2010-02
0 !LICENSE Redistributable under CCAL version 2.0 : see CAreadme.txt

0 BFC CERTIFY CCW

0 !HISTORY 2010-07-05 [PTadmin] Official Update 2010-02

1 16 -4 0 0 0 4 0 4 0 0 0 0 -4 4-4cylc.dat
0 BFC INVERTNEXT
1 16 7 26 -8 4 0 0 0 0 -4 0 16 0 3-8cyli.dat
0 BFC INVERTNEXT
1 16 7 26 8 -4 0 0 0 0 -4 -1.41421 -8 1.41421 1-8cyli.dat
1 16 7 26 8 -4 0 0 0 0 -4 -1.41421 -1 1.41421 1-8edge.dat
1 16 7 26 8 -6 0 0 0 0 -6 -2.12132 -1 2.12132 1-8edge.dat
1 16 7 26 8 -2 0 0 0 0 -2 -0.70711 -1 0.70711 1-8ring2.dat
1 16 11 26 0 0 1 -0.78036 0 0 4 8 0 0 2-4disc.dat
1 16 1 27 0 0 1.5 0 1.14805 0 2.77164 4.98895 0 -2.06649 3-8edge.dat
1 16 1 27 0 0 2 0 1.14805 0 2.77164 4.98895 0 -2.0665 3-8cyli.dat
1 16 1 27 0 0 1.5 0 1.14805 0 2.77164 4.98895 0 -2.06649 3-8chrd.dat
1 16 3 27 0 0 -1.5 0 1.14805 0 2.77164 -4.98895 0 2.06649 3-8edge.dat
1 16 3 27 0 0 -1.5 0 1.14805 0 2.77164 -4.98895 0 2.06649 3-8chrd.dat
1 16 13 26 0 0 -2 -0.78036 0 0 4 -8 0 0 2-4cylc.dat
1 16 7 26 8 6 0 0 0 0 -6 0 16 0 3-8edge.dat
1 16 7 26 8 4 0 0 0 0 -4 0 1 0 3-8edge.dat
1 16 7 26 8 2 0 0 0 0 -2 0 -1 0 3-8ring2.dat
1 16 7 26 -8 6 0 0 0 0 -6 0 -16 0 3-8edge.dat
1 16 7 26 -8 4 0 0 0 0 -4 0 -1 0 3-8edge.dat
1 16 7 26 -8 2 0 0 0 0 -2 0 1 0 3-8ring2.dat
1 16 0 0 0 0 1 0 9 0 0 0 0 -9 4-4disc.dat
1 16 0 0 0 0 1 0 9 0 0 0 0 -9 4-4edge.dat
1 16 -4 1 0 0 -6 0 0 0 3.2 3.8 0 0 2-8sphe.dat
1 16 -4 1 0 0 -1 0 0 0 3.2 3.8 0 0 2-4disc.dat
1 16 -4 1 0 0 -1 0 0 0 3.2 3.8 0 0 2-4edge.dat
1 16 -4 1 0 0 0 -6 0 1 0 -3.8 0 0 2-4disc.dat
1 16 -4 1 0 0 0 -6 0 1 0 -3.8 0 0 2-4edge.dat
2 24 -4 1 -3.8 -4 1 3.8
1 16 -4 -1 0 0 -6 0 0 0 -3.2 -3.8 0 0 2-8sphe.dat
1 16 -4 -1 0 0 -1 0 0 0 -3.2 -3.8 0 0 2-4disc.dat
1 16 -4 -1 0 0 -1 0 0 0 -3.2 -3.8 0 0 2-4edge.dat
1 16 -4 -1 0 0 0 -6 0 -1 0 3.8 0 0 2-4disc.dat
1 16 -4 -1 0 0 0 -6 0 -1 0 3.8 0 0 2-4edge.dat
2 24 -4 -1 3.8 -4 -1 -3.8
3 16 1 28.148 4.989 1 26 5.879 3 26 6.586
3 16 1 28.148 4.989 3 26 6.586 3 28.148 4.989
5 24 1 28.148 4.989 3 26 6.586 1 26 5.879 3 28.148 4.989
2 24 1 28.148 4.989 1 26 5.879
2 24 3 26 6.586 3 28.148 4.989
0 BFC INVERTNEXT
1 16 7 26 -8 -4 0 0 0 0 -4 1.41421 8 -1.41421 1-8cyli.dat
1 16 7 26 -8 -4 0 0 0 0 -4 1.41421 1 -1.41421 1-8edge.dat
1 16 7 26 -8 -6 0 0 0 0 -6 2.12132 1 -2.12132 1-8edge.dat
1 16 7 26 -8 -2 0 0 0 0 -2 0.70711 1 -0.70711 1-8ring2.dat
3 16 3 26 -6.586 1 26 -5.879 1 28.148 -4.989
3 16 3 28.148 -4.989 3 26 -6.586 1 28.148 -4.989
2 24 1 28.148 -4.989 1 26 -5.879
2 24 3 26 -6.586 3 28.148 -4.989
4 16 1 28.148 -4.989 1 26 -5.879 1 26 5.879 1 28.148 4.989
4 16 3 26 -6.586 3 28.148 -4.989 3 28.148 4.989 3 26 6.586
5 24 1 26 5.879 3 26 6.586 3.304 24.469 7.235 1 28.148 4.989
5 24 4.172 23.172 8 2.757 21.757 8 3.304 24.469 7.235 5.469 22.304 8
5 24 2.757 21.757 -8 4.172 23.172 -8 5.469 22.304 -8 3.304 24.469 -7.235
5 24 1 26 -5.879 3 26 -6.586 3.304 24.469 -7.235 1 28.148 -4.989
5 24 1 28.148 -4.989 3 26 -6.586 1 26 -5.879 3 28.148 -4.989
1 16 2.34 0 0 0 1.5 -1.44 0 0 -9 -9 0 0 2-4cyli.dat
1 16 7.697 0 0 0 -1 -0.82286 0 0 -5.14286 -5.14286 0 0 2-4disc.dat
1 16 3.84 0 0 0 5.14286 -0.82286 0 0 -5.14286 -5.14286 0 0 t04o7500.dat
1 16 3.84 0 0 0 5.14286 -0.82286 0 0 -5.14286 5.14286 0 0 t04o7500.dat
1 16 0 0 0 0 2.4 0 9 0 0 0 0 -9 4-4cyli.dat
1 16 2.4 0 0 0 1.43 0 9 0 0 0 0 -9 1-4cyls.dat
1 16 2.4 0 0 0 1.43 0 9 0 0 0 0 9 1-4cyls.dat
2 24 1.227 7.773 -4.256 1.349 6.705 -5.854
2 24 1.349 6.705 -5.854 1.61 6.364 -6.364
2 24 1.906 4.956 -7.305 1.61 6.364 -6.364
2 24 2.915 3.447 -8.313 1.906 4.956 -7.305
2 24 3.839 0 -9 2.923 3.444 -8.315
2 24 2.923 3.444 -8.315 2.915 3.447 -8.313
2 24 3.841 0 -9 3.857 0.028 -8.994
2 24 1.349 6.705 5.854 1.227 7.773 4.256
2 24 1.906 4.956 7.305 1.61 6.364 6.364
2 24 1.61 6.364 6.364 1.349 6.705 5.854
2 24 2.915 3.447 8.313 1.906 4.956 7.305
2 24 3.839 0 9 2.923 3.444 8.315
2 24 2.923 3.444 8.315 2.915 3.447 8.313
2 24 3.841 0 9 3.857 0.028 8.994
2 24 1.227 7.773 4.256 1.313 8.315 3.444
2 24 1.313 8.315 3.444 1.423 9 0
2 24 1.423 9 0 1.313 8.315 -3.444
2 24 1.313 8.315 -3.444 1.227 7.773 -4.256
4 16 11.201 21.9 2.643 7.697 0 5.143 7.697 0 -5.143 11.201 21.9 -2.643
1 16 3.84 0 -5.143 -3.85715 3.504 0 0 21.9 0 0 2.5 -3.85715 2-4cyli.dat
1 16 3.84 0 5.143 -3.85715 3.504 0 0 21.9 0 0 -2.5 3.85715 2-4cyli.dat
1 16 7 26 -8 6 0 0 0 0 -6 0 16 0 3-8cyli.dat
1 16 7 26 0 -6 0 0 0 0 -6 -2.12132 8 2.12132 1-8cyli.dat
1 16 7 26 0 -6 0 0 0 0 -6 2.12132 -8 -2.12132 1-8cyli.dat
2 24 9.906 20.864 -5.489 9.296 20.457 -5.899
2 24 10.842 21.49 -4.166 9.906 20.864 -5.489
2 24 9.906 20.864 5.489 9.296 20.457 5.899
2 24 11.171 21.709 2.665 11.171 21.709 -2.665
2 24 11.171 21.709 -2.665 10.842 21.49 -4.166
2 24 9.906 20.864 5.489 10.842 21.49 4.166
2 24 10.842 21.49 4.166 11.171 21.709 2.665
2 24 7.041 20.008 -6.716 7 20 -6.709
2 24 8.566 20.311 -6.388 7.041 20.008 -6.716
2 24 9.296 20.457 -5.899 8.566 20.311 -6.388
2 24 7.041 20.008 6.716 7 20 6.709
2 24 8.566 20.311 6.388 7.041 20.008 6.716
2 24 9.296 20.457 5.899 8.566 20.311 6.388
2 24 5.608 20.277 -6.392 4.704 20.457 -5.748
2 24 7 20 -6.709 5.608 20.277 -6.392
2 24 5.608 20.277 6.392 4.704 20.457 5.748
2 24 7 20 6.709 5.608 20.277 6.392
2 24 3.396 21.331 -2.708 3.661 21.154 -4.204
2 24 3.661 21.154 -4.204 4.416 20.649 -5.513
2 24 3.661 21.154 4.204 3.396 21.331 2.708
2 24 3.396 21.331 2.708 3.396 21.331 -2.708
2 24 4.704 20.457 -5.748 4.416 20.649 -5.513
2 24 4.416 20.649 5.513 3.661 21.154 4.204
2 24 4.704 20.457 5.748 4.416 20.649 5.513
4 16 3.487 21.9 2.643 3.487 21.9 -2.643 0.303 2 -4.91469 0.303 2 4.91469
0 //
