0 Figure Fabuland Leg
0 Name: u9100.dat
0 Author: Philippe Hurbain [Philo]
0 !LDRAW_ORG Part UPDATE 2010-02
0 !LICENSE Redistributable under CCAL version 2.0 : see CAreadme.txt

0 BFC CERTIFY CCW

0 !HISTORY 2010-07-05 [PTadmin] Official Update 2010-02

1 16 0 33 10 0 0 10 -4 0 0 0 -34 0 box3u2p.dat
1 16 0 35 -20 0 0 -6 -2 0 0 0 -1 0 rect.dat
1 16 -3 29 -4 -6 0 0 0 1 0 0 0 -6 1-4edge.dat
1 16 -3 29 -4 -6 0 0 0 1 0 0 0 -6 1-4ndis.dat
1 16 -3 5 -4 -6 0 0 0 1 0 0 0 -6 1-4edge.dat
1 16 -3 5 -4 -6 0 0 0 24 0 0 0 -6 1-4cyli.dat
1 16 3 29 -4 0 0 6 0 1 0 -6 0 0 1-4edge.dat
1 16 3 29 -4 0 0 6 0 1 0 -6 0 0 1-4ndis.dat
1 16 3 5 -4 0 0 6 0 1 0 -6 0 0 1-4edge.dat
1 16 3 5 -4 0 0 6 0 24 0 -6 0 0 1-4cyli.dat
4 16 -10 29 -24 -9 29 -10 -9 29 10 -10 29 10
4 16 10 29 10 9 29 10 9 29 -10 10 29 -24
4 16 10 29 -24 9 29 -10 -9 29 -10 -10 29 -24
4 16 -6 33 -20 -6 33 -7 6 33 -7 6 33 -20
1 16 0 17 -10 3 0 0 0 0 12 0 1 0 rect2p.dat
1 16 0 19.5 -7 0 0 3 13.5 0 0 0 -1 0 rect1.dat
1 16 9 17 3 0 -1 0 -12 0 0 0 0 7 rect3.dat
1 16 -9 17 3 0 1 0 -12 0 0 0 0 7 rect3.dat
1 16 0 -2.5 -6.5 10 0 0 0 0 -7.5 0 -6.5 0 box2-7.dat
2 24 10 5 -13 -10 5 -13
2 24 -9 29 10 -10 29 10
2 24 9 29 10 10 29 10
2 24 10 5 -13 10 5 10
2 24 10 0 10 10 5 10
1 16 10 0 0 0 1 0 -10 0 0 0 0 10 1-4edge.dat
1 16 10 0 0 0 1 0 -4 0 0 0 0 4 4-4edge.dat
1 16 10 0 0 0 -1 0 0 0 4 4 0 0 3-4ndis.dat
1 16 10 0 0 0 -1 0 -4 0 0 0 0 4 1-4ring1.dat
1 16 10 0 0 0 -1 0 -2 0 0 0 0 2 1-4ring4.dat
4 16 10 -4 -4 10 -4 0 10 -10 0 10 -10 -13
4 16 10 -10 -13 10 5 -13 10 4 -4 10 -4 -4
4 16 10 4 4 10 4 -4 10 5 -13 10 5 10
4 16 10 5 10 10 0 10 10 0 4 10 4 4
2 24 -10 5 -13 -10 5 10
2 24 -10 0 10 -10 5 10
1 16 -10 0 0 0 -1 0 -10 0 0 0 0 10 1-4edge.dat
1 16 -10 0 0 0 -1 0 -4 0 0 0 0 4 4-4edge.dat
1 16 -10 0 0 0 1 0 0 0 4 4 0 0 3-4ndis.dat
1 16 -10 0 0 0 1 0 -4 0 0 0 0 4 1-4ring1.dat
1 16 -10 0 0 0 1 0 -2 0 0 0 0 2 1-4ring4.dat
4 16 -10 -10 -13 -10 -10 0 -10 -4 0 -10 -4 -4
4 16 -10 -4 -4 -10 4 -4 -10 5 -13 -10 -10 -13
4 16 -10 5 10 -10 5 -13 -10 4 -4 -10 4 4
4 16 -10 4 4 -10 0 4 -10 0 10 -10 5 10
1 16 -3 5 -4 -6 0 0 0 -1 0 0 0 -6 1-4ndis.dat
1 16 3 5 -4 0 0 6 0 -1 0 -6 0 0 1-4ndis.dat
4 16 -10 5 10 -9 5 10 -9 5 -10 -10 5 -13
4 16 10 5 -13 9 5 -10 9 5 10 10 5 10
4 16 -10 5 -13 -9 5 -10 9 5 -10 10 5 -13
4 16 -10 37 -24 -6 37 -20 6 37 -20 10 37 -24
4 16 10 37 -24 6 37 -20 6 37 10 10 37 10
4 16 -10 37 10 -6 37 10 -6 37 -20 -10 37 -24
1 16 6 0 0 0 1 0 0 0 -10 10 0 0 3-16edge.dat
1 16 6 0 0 0 4 0 0 0 -10 10 0 0 1-4cyli.dat
1 16 -6 0 0 0 -1 0 0 0 -10 10 0 0 3-16edge.dat
1 16 -6 0 0 0 -4 0 0 0 -10 10 0 0 1-4cyli.dat
1 16 -6 0 0 0 12 0 -10 0 0 0 0 10 1-16cyli.dat
2 24 6 37 10 6 0 10
1 16 0 -8.1194 3.82683 -6 0 0 0 0 -1.1194 0 -1 0 rect3.dat
2 24 6 37 10 10 37 10
4 16 10 37 10 6 37 10 9 29 10 10 29 10
4 16 10 5 10 9 5 10 6 0 10 10 0 10
4 16 6 37 10 6 0 10 9 5 10 9 29 10
2 24 9 5 10 10 5 10
2 24 -6 37 10 -6 0 10
2 24 -6 37 10 -10 37 10
4 16 -10 29 10 -9 29 10 -6 37 10 -10 37 10
4 16 -10 0 10 -6 0 10 -9 5 10 -10 5 10
4 16 -9 29 10 -9 5 10 -6 0 10 -6 37 10
2 24 -9 5 10 -10 5 10
1 16 6 0 0 0 1 0 -4 0 0 0 0 4 4-4edge.dat
0 BFC INVERTNEXT
1 16 6 0 0 0 4 0 -4 0 0 0 0 4 4-4cyli.dat
1 16 6 0 0 0 1 0 0 0 -4 4 0 0 1-4ring1.dat
1 16 6 0 0 0 1 0 0 0 -2 2 0 0 3-16rin4.dat
1 16 6 0 0 0 1 0 0 0 4 4 0 0 3-4ndis.dat
4 16 6 4 4 6 0 4 6 0 10 6 37 10
4 16 6 37 10 6 33 -4 6 4 -4 6 4 4
4 16 6 37 -20 6 33 -20 6 33 -4 6 37 10
4 16 6 -7 -10 6 -7 0 6 -4 0 6 -4 -4
0 BFC INVERTNEXT
1 16 3 6 -4 3 0 0 0 27 0 0 0 -3 1-4cyli.dat
1 16 3 6 -10 0 -6 0 -3 0 0 0 0 3 1-4cyli.dat
1 16 3 33 -4 3 0 0 0 1 0 0 0 -3 1-4edge.dat
1 16 3 33 -4 3 0 0 0 -1 0 0 0 -3 1-4ndis.dat
2 24 6 37 10 6 37 -20
2 24 6 33 -4 6 33 -20
1 16 -6 0 0 0 -1 0 -4 0 0 0 0 4 4-4edge.dat
0 BFC INVERTNEXT
1 16 -6 0 0 0 -4 0 -4 0 0 0 0 4 4-4cyli.dat
1 16 -6 0 0 0 -1 0 0 0 -4 4 0 0 1-4ring1.dat
1 16 -6 0 0 0 -1 0 0 0 -2 2 0 0 3-16rin4.dat
1 16 -6 0 0 0 -1 0 0 0 4 4 0 0 3-4ndis.dat
4 16 -6 37 10 -6 0 10 -6 0 4 -6 4 4
4 16 -6 4 4 -6 4 -4 -6 33 -4 -6 37 10
4 16 -6 37 10 -6 33 -4 -6 33 -20 -6 37 -20
4 16 -6 -4 -4 -6 -4 0 -6 -7 0 -6 -7 -10
0 BFC INVERTNEXT
1 16 -3 6 -4 -3 0 0 0 27 0 0 0 -3 1-4cyli.dat
1 16 -3 33 -4 -3 0 0 0 1 0 0 0 -3 1-4edge.dat
1 16 -3 33 -4 -3 0 0 0 -1 0 0 0 -3 1-4ndis.dat
2 24 -6 37 10 -6 37 -20
2 24 -6 33 -4 -6 33 -20
0 BFC INVERTNEXT
1 16 3 6 -10 0 6 0 -6 0 0 0 0 6 t04i5000.dat
1 16 6 6 -10 0 1 0 -6 0 0 0 0 6 1-4ndis.dat
4 16 6 0 -10 6 -7 -10 6 -4 -4 6 0 -4
1 16 3 0 -10 3 0 0 0 0 3 0 1 0 1-4edge.dat
0 BFC INVERTNEXT
1 16 -3 6 -10 0 -6 0 -6 0 0 0 0 6 t04i5000.dat
1 16 -6 6 -10 0 -1 0 -6 0 0 0 0 6 1-4ndis.dat
4 16 -6 0 -4 -6 -4 -4 -6 -7 -10 -6 0 -10
1 16 -3 0 -10 -3 0 0 0 0 3 0 1 0 1-4edge.dat
0 BFC INVERTNEXT
1 16 0 -2 -3.0865 6 0 0 0 0 -5 0 -6.9135 0 box2-5.dat
