0 ~Dish  6 x  6 Inverted - No Studs with Handle Rim  1/8 Base
0 Name: s\18675s02.dat
0 Author: Gerald Lasser [GeraldLasser]
0 !LDRAW_ORG Subpart UPDATE 2018-02
0 !LICENSE Redistributable under CCAL version 2.0 : see CAreadme.txt

0 BFC CERTIFY CCW

0 !HISTORY 2018-12-08 [PTadmin] Official Update 2018-02

0 // Bottom
4 16 59.484 8 7.83 60 8 0 56 8 0 55.5184 8 7.308
3 16 55.5184 8 7.308 56 8 10 59.484 8 7.83
4 16 57.954 8 15.528 59.484 8 7.83 56 8 10 55.5434 8 12.2962
4 16 57.954 8 15.528 55.5434 8 12.2962 54.0904 8 14.4928 55.434 8 22.962
3 16 54.0904 8 14.4928 51.7384 8 21.4312 55.434 8 22.962
4 16 55.434 8 22.962 51.7384 8 21.4312 50.657 8 23.622 54.276 8 25.309
4 16 47.604 8 36.528 47.895 8 36.092 44.6974 8 33.6824 44.42497 8 34.0899
4 16 42.426 8 42.426 47.604 8 36.528 44.42497 8 34.0899 39.5976 8 39.5976
2 24 56 8 0 55.5184 8 7.308
2 24 55.5184 8 7.308 56 8 10
0 // sides wide part
1 16 54.855 6 24.1355 0 -1 -.579 2 0 0 0 0 1.1735 rect1.dat
1 16 52.467 6 24.465 -1.8094 0 0 0 0 -2 -.8437 -1 0 rect2p.dat
3 16 50.657 5 23.621 49.317 4 22.996 50.657 4 23.622
1 16 51.1978 6.5 22.5264 .5406 1 0 0 0 -1.5 -1.0952 0 0 rect2p.dat
1 16 52.9144 6.5 17.962 0 1 1.176 1.5 0 0 0 0 -3.4692 rect3.dat
1 16 54.8169 6 13.3945 .7265 1 0 0 0 -2 -1.0983 0 0 rect2p.dat
3 16 54.0904 5 14.4928 54.0904 4 14.4928 52.2962 4.078714 15.5434
3 16 52.164452 4 15.569598 52.2962 4.078714 15.5434 54.0904 4 14.4928
1 16 55.7717 6 11.1481 .2283 1 0 0 0 -2 -1.1481 0 0 rect2p.dat
4 16 55.5184 8 7.308 55.5184 4 7.308 56 4 10 56 8 10
3 16 55.5184 5 7.308 54.2426 4.06986 5.7574 55.5184 4 7.308
3 16 55.5184 4 7.308 54.2426 4.06986 5.7574 54.14347 4 5.69115
4 16 56 8 0 56 5 0 55.5184 5 7.308 55.5184 8 7.308
0 // sides narrow part
1 16 45.015 6 39.477 0 -1 -2.589 2 0 0 0 0 2.949 rect1.dat
1 16 47.7495 6 36.31 0 -1 -.1455 2 0 0 0 0 .218 rect1.dat
1 16 46.2962 6 34.8872 -1.5988 0 0 0 0 2 -1.2048 1 0 rect2p.dat
3 16 44.69669 4.999774 33.681865 44.6974 4 33.6824 43.518194 4 32.793789
1 16 44.56119 6.5 33.88615 -.136215 1 0 0 0 1.5 .20375 0 0 rect2p.dat
0 BFC INVERTNEXT
1 16 0 5 0 39.59798 0 39.59798 0 3 0 39.59798 0 -39.59798 48\1-48cylo.dat
0 // slanted part
4 16 54.2426 4.06986 5.7574 55.5184 5 7.308 56 5 0 54 3.65 0
3 16 54.14347 4 5.69115 54.2426 4.06986 5.7574 54 3.65 0
4 16 53.5356 3.65 7.047 54.131802 4 5.868198 54.14347 4 5.69115 54 3.65 0
3 16 54.049659 4 7.114667 54.131802 4 5.868198 53.5356 3.65 7.047
4 16 54.049659 4 7.114667 53.5356 3.65 7.047 52.1586 3.65 13.9752 52.659437 4 14.109393
3 16 52.659437 4 14.109393 52.1586 3.65 13.9752 52.22863 4 15.380274
4 16 52.164452 4 15.569598 52.22863 4 15.380274 52.1586 3.65 13.9752 49.891 3.65 20.666
4 16 52.164452 4 15.569598 49.891 3.65 20.666 51.7384 5 21.4312 52.2962 4.078714 15.5434
3 16 52.2962 4.078714 15.5434 51.7384 5 21.4312 54.0904 5 14.4928
4 16 51.7384 5 21.4312 49.891 3.65 20.666 49.317 4 22.996 50.657 5 23.621
4 16 49.891 3.65 20.666 46.764 3.65 27 47.213 4 27.259 49.317 4 22.996
4 16 46.764 3.65 27 42.844 3.65 32.875 43.518194 4 32.793789 47.213 4 27.259
4 16 44.43 5 34.093 44.69669 4.999774 33.681865 43.518194 4 32.793789 42.844 3.65 32.875
4 16 42.844 3.65 32.875 38.1834 3.65 38.1834 39.5976 5 39.5976 44.43 5 34.093
0 // top
3 16 55.5184 4 7.308 54.14347 4 5.69115 54.131802 4 5.868198
4 16 54.049659 4 7.114667 56 4 10 55.5184 4 7.308 54.131802 4 5.868198
4 16 52.659437 4 14.109393 55.5434 4 12.2962 56 4 10 54.049659 4 7.114667
4 16 54.0904 4 14.4928 55.5434 4 12.2962 52.659437 4 14.109393 52.22863 4 15.380274
3 16 54.0904 4 14.4928 52.22863 4 15.380274 52.164452 4 15.569598

4 16 51.96 4 30 54.276 4 25.309 50.657 4 23.622 47.213 4 27.259
3 16 49.317 4 22.996 47.213 4 27.259 50.657 4 23.622
4 16 47.213 4 27.259 44.6974 4 33.6824 47.895 4 36.092 51.96 4 30
3 16 44.6974 4 33.6824 47.213 4 27.259 43.518194 4 32.793789

2 24 55.5184 8 7.308 55.5184 5 7.308
2 24 55.5184 5 7.308 56 5 0

2 24 54.2426 4.06986 5.7574 55.5184 5 7.308
2 24 54.2426 4.06986 5.7574 54.14347 4 5.69115
2 24 54.14347 4 5.69115 54.131802 4 5.868198
2 24 54.131802 4 5.868198 54.049659 4 7.114667
2 24 52.659437 4 14.109393 54.049659 4 7.114667
2 24 52.22863 4 15.380274 52.659437 4 14.109393
2 24 52.164452 4 15.569598 52.22863 4 15.380274
2 24 52.164452 4 15.569598 52.2962 4.078714 15.5434
2 24 52.2962 4.078714 15.5434 54.0904 5 14.4928

2 24 54.0904 4 14.4928 52.164452 4 15.569598
2 24 54.14347 4 5.69115 55.5184 4 7.308
2 24 55.5184 4 7.308 56 4 10

2 24 50.657 5 23.621 50.657 8 23.622
2 24 49.317 4 22.996 50.657 5 23.621
2 24 47.213 4 27.259 49.317 4 22.996
2 24 43.518194 4 32.793789 47.213 4 27.259
2 24 43.518194 4 32.793789 44.69669 4.999774 33.681865
2 24 44.69669 4.999774 33.681865 44.6974 8 33.6824

2 24 54.276 4 25.309 54.276 8 25.309
2 24 51.96 4 30 54.276 4 25.309
2 24 47.895 4 36.092 51.96 4 30
2 24 47.895 4 36.092 47.895 8 36.092
2 24 50.657 4 23.622 49.317 4 22.996
2 24 43.518194 4 32.793789 44.6974 4 33.6824

2 24 47.895 4 36.092 47.604 4 36.528
2 24 47.604 4 36.528 42.426 4 42.426

0 // conditional lines inside conical section
5 24 53.5356 3.65 7.047 54.049659 4 7.114667 54 3.65 0 52.1586 3.65 13.9752
5 24 52.1586 3.65 13.9752 52.659437 4 14.109393 53.5356 3.65 7.047 49.891 3.65 20.666
5 24 49.891 3.65 20.666 51.7384 5 21.4312 52.1586 3.65 13.9752 46.764 3.65 27
5 24 46.764 3.65 27 47.213 4 27.259 49.891 3.65 20.666 42.844 3.65 32.875
5 24 42.844 3.65 32.875 44.43 5 34.093 46.764 3.65 27 38.1834 3.65 38.1834
0 // conditional lines inside rim section
5 24 55.5184 4 7.308 55.5184 5 7.308 56 4 10 54.14347 4 5.69115
5 24 56 8 10 56 4 10 55.5184 8 7.308 55.5434 4 12.2962
5 24 55.5434 8 12.2962 55.5434 4 12.2962 56 8 10 54.0904 8 14.4928
5 24 54.0904 4 14.4928 54.0904 5 14.4928 55.5434 4 12.2962 52.164452 4 15.569598
5 24 51.7384 8 21.4312 51.7384 5 21.4312 54.0904 8 14.4928 50.657 8 23.622
5 24 44.42497 8 34.0899 44.43 5 34.093 39.5976 8 39.5976 44.6974 8 33.6824
0 // conditional lines stud cutout
5 24 54.0904 4 14.4928 52.2962 4.07871 15.5434 54.0904 5 14.4928 52.1645 4 15.5696
5 24 54.2426 4.06986 5.7574 55.5184 4 7.308 55.5184 5 7.308 54.1435 4 5.69115
0 // conditional lines rim section
5 24 47.604 4 36.528 47.604 8 36.528 42.426 4 42.426 51.96 4 30
5 24 55.434 8 22.962 55.434 4 22.962 54.276 8 25.309 57.954 8 15.528

0 // conditional lines Inside Dish
5 24 54 3.65 0 53.5356 3.65 7.047 56 5 0 45 -1.75 0
5 24 53.5356 3.65 7.047 52.1586 3.65 13.9752 52.659437 4 14.109393 43.4655 -1.75 11.646
5 24 49.8906 3.65 20.6658 52.1586 3.65 13.9752 51.7384 5 21.4312 41.5755 -1.75 17.2215
5 24 46.764 3.65 27 49.8906 3.65 20.6658 47.213 4 27.259 38.97 -1.75 22.5
5 24 42.8436 3.65 32.8752 46.764 3.65 27 35.703 -1.75 27.396 47.213 4 27.259
5 24 38.1834 3.65 38.1834 42.8436 3.65 32.8752 39.5976 5 39.5976 31.8195 -1.75 31.8195
5 24 45 -1.75 0 44.613 -1.75 5.8725 53.5356 3.65 7.047 35.6904 -6 4.698
5 24 44.613 -1.75 5.8725 43.4655 -1.75 11.646 52.1586 3.65 13.9752 34.7724 -6 9.3168
5 24 43.4655 -1.75 11.646 41.5755 -1.75 17.2215 49.8906 3.65 20.6658 33.2604 -6 13.7772
5 24 41.5755 -1.75 17.2215 38.97 -1.75 22.5 46.764 3.65 27 31.176 -6 18
5 24 38.97 -1.75 22.5 35.703 -1.75 27.396 42.8436 3.65 32.8752 28.5624 -6 21.9168
5 24 35.703 -1.75 27.396 31.8195 -1.75 31.8195 38.1834 3.65 38.1834 25.4556 -6 25.4556
5 24 36 -6 0 35.6904 -6 4.698 44.613 -1.75 5.8725 23.7936 -10 3.132
5 24 35.6904 -6 4.698 34.7724 -6 9.3168 43.4655 -1.75 11.646 23.1816 -10 6.2112
5 24 34.7724 -6 9.3168 33.2604 -6 13.7772 41.5755 -1.75 17.2215 22.1736 -10 9.1848
5 24 33.2604 -6 13.7772 31.176 -6 18 38.97 -1.75 22.5 20.784 -10 12
5 24 31.176 -6 18 28.5624 -6 21.9168 35.703 -1.75 27.396 19.0416 -10 14.6112
5 24 28.5624 -6 21.9168 25.4556 -6 25.4556 31.8195 -1.75 31.8195 16.9704 -10 16.9704
5 24 24 -10 0 23.7936 -10 3.132 35.6904 -6 4.698 11.8968 -12.2 1.566
5 24 23.7936 -10 3.132 23.1816 -10 6.2112 34.7724 -6 9.3168 11.5908 -12.2 3.1056
5 24 23.1816 -10 6.2112 22.1736 -10 9.1848 33.2604 -6 13.7772 11.0868 -12.2 4.5924
5 24 22.1736 -10 9.1848 20.784 -10 12 31.176 -6 18 10.392 -12.2 6
5 24 20.784 -10 12 19.0416 -10 14.6112 28.5624 -6 21.9168 9.5208 -12.2 7.3056
5 24 19.0416 -10 14.6112 16.9704 -10 16.9704 25.4556 -6 25.4556 8.4852 -12.2 8.4852
5 24 12 -12.2 0 11.8968 -12.2 1.566 23.7936 -10 3.132 0 -13 0
5 24 11.8968 -12.2 1.566 11.5908 -12.2 3.1056 23.1816 -10 6.2112 0 -13 0
5 24 11.5908 -12.2 3.1056 11.0868 -12.2 4.5924 22.1736 -10 9.1848 0 -13 0
5 24 11.0868 -12.2 4.5924 10.392 -12.2 6 20.784 -10 12 0 -13 0
5 24 10.392 -12.2 6 9.5208 -12.2 7.3056 19.0416 -10 14.6112 0 -13 0
5 24 9.5208 -12.2 7.3056 8.4852 -12.2 8.4852 16.9704 -10 16.9704 0 -13 0

0 // conditional lines Outside Dish
5 24 54 -.1 0 53.536 -.1 7.047 59.484 4 7.83 45 -5.25 0
5 24 53.536 -.1 7.047 52.159 -.1 13.975 57.954 4 15.528 44.613 -5.25 5.872
5 24 52.159 -.1 13.975 49.891 -.1 20.666 55.434 4 22.962 43.465 -5.25 11.646
5 24 49.891 -.1 20.666 46.764 -.1 27 51.96 4 30 41.575 -5.25 17.221
5 24 46.764 -.1 27 42.844 -.1 32.875 47.604 4 36.528 38.97 -5.25 22.5
5 24 42.844 -.1 32.875 38.183 -.1 38.183 42.426 4 42.426 35.703 -5.25 27.396
5 24 45 -5.25 0 44.613 -5.25 5.872 53.536 -.1 7.047 36 -9.25 0
5 24 44.613 -5.25 5.872 43.465 -5.25 11.646 52.159 -.1 13.975 35.69 -9.25 4.698
5 24 43.465 -5.25 11.646 41.575 -5.25 17.221 49.891 -.1 20.666 34.772 -9.25 9.317
5 24 41.575 -5.25 17.221 38.97 -5.25 22.5 46.764 -.1 27 33.26 -9.25 13.777
5 24 38.97 -5.25 22.5 35.703 -5.25 27.396 42.844 -.1 32.875 31.176 -9.25 18
5 24 35.703 -5.25 27.396 31.8195 -5.25 31.8195 38.183 -.1 38.183 28.562 -9.25 21.917
5 24 31.176 -9.25 18 28.562 -9.25 21.917 35.703 -5.25 27.396 19.042 -13 14.611
5 24 28.562 -9.25 21.917 25.456 -9.25 25.456 31.8195 -5.25 31.8195 16.97 -13 16.97
5 24 24 -13 0 23.794 -13 3.132 35.69 -9.25 4.698 11.897 -15.2 1.566
5 24 23.794 -13 3.132 23.182 -13 6.211 34.772 -9.25 9.317 11.591 -15.2 3.106
5 24 23.182 -13 6.211 22.174 -13 9.185 33.26 -9.25 13.777 11.087 -15.2 4.592
5 24 22.174 -13 9.185 20.784 -13 12 31.176 -9.25 18 10.392 -15.2 6
5 24 12 -15.2 0 11.897 -15.2 1.566 23.794 -13 3.132 0 -16 0
5 24 11.897 -15.2 1.566 11.591 -15.2 3.106 23.182 -13 6.211 0 -16 0
5 24 11.591 -15.2 3.106 11.087 -15.2 4.592 22.174 -13 9.185 0 -16 0
5 24 11.087 -15.2 4.592 10.392 -15.2 6 20.784 -13 12 0 -16 0
5 24 10.392 -15.2 6 9.521 -15.2 7.306 19.042 -13 14.611 0 -16 0
5 24 9.521 -15.2 7.306 8.485 -15.2 8.485 16.97 -13 16.97 0 -16 0
5 24 19.042 -13 14.611 20.784 -13 12 10.392 -15.2 6 31.176 -9.25 18
5 24 16.9704 -13 16.9704 19.042 -13 14.611 9.521 -15.2 7.306 28.5624 -9.25 21.9168
5 24 35.6904 -9.25 4.698 36 -9.25 0 24 -13 0 45 -5.25 0
5 24 34.7724 -9.25 9.3168 35.6904 -9.25 4.698 23.794 -13 3.132 44.613 -5.25 5.8725
5 24 33.2604 -9.25 13.7772 34.7724 -9.25 9.3168 23.182 -13 6.211 43.4655 -5.25 11.646
5 24 31.176 -9.25 18 33.2604 -9.25 13.7772 22.174 -13 9.185 41.5755 -5.25 17.2215
