0 ~Dish  6 x  6 Inverted - No Studs with Handle with TIE Fighter Hatch Pattern - Half
0 Name: s\18675ps2s01.dat
0 Author: Evert-Jan Boer [ejboer]
0 !LDRAW_ORG Subpart UPDATE 2020-01
0 !LICENSE Redistributable under CCAL version 2.0 : see CAreadme.txt

0 BFC CERTIFY CCW

0 !HISTORY 2018-12-08 [PTadmin] Official Update 2018-02
0 !HISTORY 2020-03-22 [cwdee] Update description
0 !HISTORY 2020-06-28 [PTadmin] Official Update 2020-01

4 16 -7.83 4 59.484 -7.047 -0.1 53.5356 0 -0.1 54 0 4 60
4 16 -15.528 4 57.954 -13.9752 -0.1 52.1586 -7.047 -0.1 53.5356 -7.83 4 59.484
4 16 -22.962 4 55.434 -20.6658 -0.1 49.8906 -13.9752 -0.1 52.1586 -15.528 4 57.954
4 16 -30 4 51.96 -27 -0.1 46.764 -20.6658 -0.1 49.8906 -22.962 4 55.434
4 16 -36.528 4 47.604 -32.8752 -0.1 42.8436 -27 -0.1 46.764 -30 4 51.96
4 16 -36.528 4 47.604 -42.426 4 42.426 -38.1834 -0.1 38.1834 -32.8752 -0.1 42.8436
4 16 -42.426 4 42.426 -47.604 4 36.528 -42.8436 -0.1 32.8752 -38.1834 -0.1 38.1834
4 16 -47.604 4 36.528 -51.96 4 30 -46.764 -0.1 27 -42.8436 -0.1 32.8752
4 16 -51.96 4 30 -55.434 4 22.962 -49.8906 -0.1 20.6658 -46.764 -0.1 27
4 16 -55.434 4 22.962 -57.954 4 15.528 -52.1586 -0.1 13.9752 -49.8906 -0.1 20.6658
4 16 -57.954 4 15.528 -59.484 4 7.83 -53.5356 -0.1 7.047 -52.1586 -0.1 13.9752
4 16 -59.484 4 7.83 -60 4 0 -54 -0.1 0 -53.5356 -0.1 7.047
4 16 -60 4 0 -59.484 4 -7.83 -53.5356 -0.1 -7.047 -54 -0.1 0
4 16 -59.484 4 -7.83 -57.954 4 -15.528 -52.1586 -0.1 -13.9752 -53.5356 -0.1 -7.047
4 16 -57.954 4 -15.528 -55.434 4 -22.962 -49.8906 -0.1 -20.6658 -52.1586 -0.1 -13.9752
4 16 -55.434 4 -22.962 -51.96 4 -30 -46.764 -0.1 -27 -49.8906 -0.1 -20.6658
4 16 -51.96 4 -30 -47.604 4 -36.528 -42.8436 -0.1 -32.8752 -46.764 -0.1 -27
4 16 -47.604 4 -36.528 -42.426 4 -42.426 -38.1834 -0.1 -38.1834 -42.8436 -0.1 -32.8752
4 16 -42.426 4 -42.426 -36.528 4 -47.604 -32.8752 -0.1 -42.8436 -38.1834 -0.1 -38.1834
4 16 -32.8752 -0.1 -42.8436 -36.528 4 -47.604 -30 4 -51.96 -27 -0.1 -46.764
4 16 -27 -0.1 -46.764 -30 4 -51.96 -22.962 4 -55.434 -20.6658 -0.1 -49.8906
4 16 -20.6658 -0.1 -49.8906 -22.962 4 -55.434 -15.528 4 -57.954 -13.9752 -0.1 -52.1586
4 16 -13.9752 -0.1 -52.1586 -15.528 4 -57.954 -7.83 4 -59.484 -7.047 -0.1 -53.5356
4 16 -7.047 -0.1 -53.5356 -7.83 4 -59.484 0 4 -60 0 -0.1 -54
4 71 -4.4374 -5.0519 45.0538 0 -5.0945 45.2718 0 -4.6469 46.054 -4.5141 -4.6035 45.8322
4 71 -5.9019 -5.121 44.8366 -4.4374 -5.0519 45.0538 -4.5141 -4.6035 45.8322 -6.0039 -4.6738 45.6113
4 16 -3.8093 -5.25 44.749 -4.4374 -5.0519 45.0538 -5.9019 -5.121 44.8366 -5.8725 -5.25 44.613
4 16 0 -5.25 45 0 -5.0945 45.2718 -4.4374 -5.0519 45.0538 -3.8093 -5.25 44.749
4 16 -7.047 -0.1 53.5356 -4.5141 -4.6035 45.8322 0 -4.6469 46.054 0 -0.1 54
3 16 -6.0039 -4.6738 45.6113 -4.5141 -4.6035 45.8322 -7.047 -0.1 53.5356
4 71 -8.9847 -4.5893 45.1691 -8.8321 -5.0379 44.4019 -5.9019 -5.121 44.8366 -6.0039 -4.6738 45.6113
4 71 -8.8321 -5.0379 44.4019 -8.9847 -4.5893 45.1691 -9.749 -4.6115 44.9776 -9.1877 -5.25 43.9541
3 71 -8.7612 -5.25 44.0389 -8.8321 -5.0379 44.4019 -9.1877 -5.25 43.9541
3 71 -8.6439 -5.25 44.0622 -8.8321 -5.0379 44.4019 -8.7612 -5.25 44.0389
4 16 -8.8321 -5.0379 44.4019 -8.6439 -5.25 44.0622 -5.8725 -5.25 44.613 -5.9019 -5.121 44.8366
3 16 -8.9847 -4.5893 45.1691 -6.0039 -4.6738 45.6113 -7.047 -0.1 53.5356
4 16 -9.749 -4.6115 44.9776 -8.9847 -4.5893 45.1691 -7.047 -0.1 53.5356 -13.9752 -0.1 52.1586
4 16 -9.749 -4.6115 44.9776 -13.9752 -0.1 52.1586 -10.8 -4.6421 44.7144 -9.1877 -5.25 43.9541
3 16 -11.9064 -4.6743 44.4372 -10.8 -4.6421 44.7144 -13.9752 -0.1 52.1586
4 71 -10.8 -5.25 43.6336 -10.8 -4.6421 44.7144 -11.9064 -4.6743 44.4372 -11.646 -5.25 43.4655
3 16 -10.8 -4.6421 44.7144 -10.8 -5.25 43.6336 -9.1877 -5.25 43.9541
4 71 -17.3248 -5.0951 41.8257 -13.1417 -5.0523 43.3224 -13.3688 -4.604 44.0709 -17.6241 -4.6475 42.5484
4 16 -13.9752 -0.1 52.1586 -20.6658 -0.1 49.8906 -13.3688 -4.604 44.0709 -11.9064 -4.6743 44.4372
3 16 -13.3688 -4.604 44.0709 -20.6658 -0.1 49.8906 -17.6241 -4.6475 42.5484
4 16 -13.1417 -5.0523 43.3224 -17.3248 -5.0951 41.8257 -17.2213 -5.25 41.5756 -12.1 -5.1024 43.5834
4 71 -11.9064 -4.6743 44.4372 -13.3688 -4.604 44.0709 -13.1417 -5.0523 43.3224 -12.1 -5.1024 43.5834
3 16 -17.2213 -5.25 41.5756 -12.1 -5.25 43.3116 -12.1 -5.1024 43.5834
4 71 -11.9064 -4.6743 44.4372 -12.1 -5.1024 43.5834 -12.1 -5.25 43.3116 -11.646 -5.25 43.4655
4 16 -17.6241 -4.6475 42.5484 -20.6658 -0.1 49.8906 -27 -0.1 46.764 -21.7097 -4.6042 40.616
4 71 -21.341 -5.0525 39.9262 -17.3248 -5.0951 41.8257 -17.6241 -4.6475 42.5484 -21.7097 -4.6042 40.616
4 71 -21.7097 -4.6042 40.616 -23.0028 -4.6745 39.8409 -22.6238 -5.1084 39.1844 -22.6 -5.121 39.1715
3 71 -21.341 -5.0525 39.9262 -21.7097 -4.6042 40.616 -22.6 -5.121 39.1715
4 16 -22.5 -5.25 38.97 -21.3588 -5.25 39.5333 -21.341 -5.0525 39.9262 -22.6 -5.121 39.1715
3 16 -21.7097 -4.6042 40.616 -27 -0.1 46.764 -23.0028 -4.6745 39.8409
3 71 -22.6 -5.121 39.1715 -22.6238 -5.1084 39.1844 -22.6 -5.1356 39.1432
3 16 -22.5 -5.25 38.97 -22.6 -5.121 39.1715 -22.6 -5.1356 39.1432
4 16 -17.2213 -5.25 41.5756 -17.3248 -5.0951 41.8257 -21.341 -5.0525 39.9262 -21.3588 -5.25 39.5333
3 71 -22.6238 -5.1084 39.1844 -23.0028 -4.6745 39.8409 -23.4 -4.6617 39.6029
3 16 -23.0028 -4.6745 39.8409 -27 -0.1 46.764 -23.4 -4.6617 39.6029
4 71 -22.6 -5.1356 39.1432 -22.6238 -5.1084 39.1844 -23.4 -4.6617 39.6029 -23.4 -5.25 38.3695
3 71 -23.4 -5.25 38.3695 -22.6 -5.25 38.9033 -22.6 -5.1356 39.1432
4 16 -27.396 -5.25 35.703 -23.4 -5.25 38.3695 -23.4 -4.6617 39.6029 -27 -0.1 46.764
3 16 -22.5 -5.25 38.97 -22.6 -5.1356 39.1432 -22.6 -5.25 38.9033
3 16 -32.8752 -0.1 42.8436 -27.396 -5.25 35.703 -27 -0.1 46.764
4 16 -27.396 -5.25 35.703 -32.8752 -0.1 42.8436 -28.9 -4.6242 35.8348 -28.2267 -5.25 34.9737
4 71 -30.2 -4.6177 34.7087 -32.5651 -4.6466 32.5651 -32.012 -5.0942 32.012 -30.2 -5.072 33.6543
4 71 -28.9 -4.6242 35.8348 -30.2 -4.6177 34.7087 -30.2 -5.072 33.6543 -28.9 -5.25 34.3826
3 71 -30.2 -5.25 33.2413 -28.9 -5.25 34.3826 -30.2 -5.072 33.6543
4 16 -30.232 -5.25 33.2132 -30.2 -5.25 33.2413 -30.2 -5.072 33.6543 -32.012 -5.0942 32.012
3 16 -32.012 -5.0942 32.012 -31.8195 -5.25 31.8195 -30.232 -5.25 33.2132
4 16 -28.9 -4.6242 35.8348 -32.8752 -0.1 42.8436 -38.1834 -0.1 38.1834 -30.2 -4.6177 34.7087
3 16 -32.5651 -4.6466 32.5651 -30.2 -4.6177 34.7087 -38.1834 -0.1 38.1834
3 16 -28.9 -4.6242 35.8348 -28.9 -5.25 34.3826 -28.2267 -5.25 34.9737
4 16 -32.5651 -4.6466 32.5651 -38.1834 -0.1 38.1834 -42.8436 -0.1 32.8752 -35.6002 -4.6056 29.2164
4 71 -34.9956 -5.0539 28.7201 -32.012 -5.0942 32.012 -32.5651 -4.6466 32.5651 -35.6002 -4.6056 29.2164
4 71 -35.878 -5.1238 27.5303 -34.9956 -5.0539 28.7201 -35.6002 -4.6056 29.2164 -36.4979 -4.6767 28.006
3 16 -31.8195 -5.25 31.8195 -32.012 -5.0942 32.012 -32.0116 -5.25 31.6007
4 16 -32.012 -5.0942 32.012 -34.9956 -5.0539 28.7201 -35.878 -5.1238 27.5303 -35.703 -5.25 27.396
3 16 -32.0116 -5.25 31.6007 -32.012 -5.0942 32.012 -35.703 -5.25 27.396
3 16 -36.4979 -4.6767 28.006 -35.6002 -4.6056 29.2164 -42.8436 -0.1 32.8752
4 71 -38.2925 -4.5909 25.5862 -37.6421 -5.0394 25.1517 -35.878 -5.1238 27.5303 -36.4979 -4.6767 28.006
4 71 -39.1643 -5.1216 22.6122 -37.6421 -5.0394 25.1517 -38.2925 -4.5909 25.5862 -39.8409 -4.6745 23.0028
4 16 -37.6421 -5.0394 25.1517 -39.1643 -5.1216 22.6122 -38.97 -5.25 22.5 -37.3901 -5.25 24.8676
4 16 -35.878 -5.1238 27.5303 -37.6421 -5.0394 25.1517 -37.3901 -5.25 24.8676 -35.703 -5.25 27.396
4 16 -42.8436 -0.1 32.8752 -46.764 -0.1 27 -38.2925 -4.5909 25.5862 -36.4979 -4.6767 28.006
3 16 -39.8409 -4.6745 23.0028 -38.2925 -4.5909 25.5862 -46.764 -0.1 27
4 71 -40.616 -4.6042 21.7097 -39.9262 -5.0525 21.341 -39.1643 -5.1216 22.6122 -39.8409 -4.6745 23.0028
4 71 -41.8257 -5.0951 17.3248 -39.9262 -5.0525 21.341 -40.616 -4.6042 21.7097 -42.5484 -4.6475 17.6241
4 16 -46.764 -0.1 27 -49.8906 -0.1 20.6658 -40.616 -4.6042 21.7097 -39.8409 -4.6745 23.0028
3 16 -49.8906 -0.1 20.6658 -42.5484 -4.6475 17.6241 -40.616 -4.6042 21.7097
4 16 -39.9262 -5.0525 21.341 -41.8257 -5.0951 17.3248 -41.5756 -5.25 17.2213 -38.97 -5.25 22.5
3 16 -39.9262 -5.0525 21.341 -38.97 -5.25 22.5 -39.1643 -5.1216 22.6122
4 71 -43.0049 -5.25 13.0049 -42.7353 -5.25 13.8 -43.8 -4.6718 13.8 -43.8 -5.0518 11.7356
4 71 -42.2997 -5.0816 16 -41.8257 -5.0951 17.3248 -42.5484 -4.6475 17.6241 -43.5946 -4.6176 14.7
4 71 -41.9896 -5.25 16 -42.2997 -5.0816 16 -43.5946 -4.6176 14.7 -42.4303 -5.25 14.7
4 16 -42.4303 -5.25 14.7 -43.5946 -4.6176 14.7 -43.8 -4.6718 13.8 -42.7353 -5.25 13.8
4 16 -43.5946 -4.6176 14.7 -49.8906 -0.1 20.6658 -52.1586 -0.1 13.9752 -43.8 -4.6718 13.8
3 71 -43.4655 -5.25 11.646 -43.0049 -5.25 13.0049 -43.8 -5.0518 11.7356
3 16 -43.5946 -4.6176 14.7 -42.5484 -4.6475 17.6241 -49.8906 -0.1 20.6658
3 16 -43.8 -5.0518 11.7356 -43.8 -4.6718 13.8 -52.1586 -0.1 13.9752
4 16 -41.5756 -5.25 17.2213 -41.8257 -5.0951 17.3248 -42.2997 -5.0816 16 -41.9896 -5.25 16
4 16 -52.1586 -0.1 13.9752 -53.5356 -0.1 7.047 -44.613 -5.25 5.8725 -43.8 -5.25 9.963
3 71 -43.4655 -5.25 11.646 -43.8 -5.0518 11.7356 -43.8 -5.25 9.963
3 16 -43.8 -5.25 9.963 -43.8 -5.0518 11.7356 -52.1586 -0.1 13.9752
4 16 -44.613 -5.25 5.8725 -53.5356 -0.1 7.047 -54 -0.1 0 -45 -5.25 0
4 16 -54 -0.1 0 -53.5356 -0.1 -7.047 -44.613 -5.25 -5.8725 -45 -5.25 0
3 71 -43.4655 -5.25 -11.646 -43.8 -5.25 -9.963 -43.8 -5.0518 -11.7356
4 16 -44.613 -5.25 -5.8725 -53.5356 -0.1 -7.047 -52.1586 -0.1 -13.9752 -43.8 -5.0518 -11.7356
3 16 -43.8 -5.0518 -11.7356 -43.8 -5.25 -9.963 -44.613 -5.25 -5.8725
4 71 -42.8811 -4.4414 -17.7623 -43 -4.4251 -17.5 -43.8 -3.9354 -17.8 -43.6653 -3.9557 -18.0872
4 16 -49.8906 -0.1 -20.6658 -43.6653 -3.9557 -18.0872 -43.8 -3.9354 -17.8 -52.1586 -0.1 -13.9752
4 16 -43 -4.4251 -17.5 -42.8811 -4.4414 -17.7623 -41.5755 -5.25 -17.2214 -43 -5.25 -13.0192
4 71 -43 -5.25 -13.0192 -43.4655 -5.25 -11.646 -43.8 -5.0518 -11.7356 -43.8 -3.9354 -17.8
3 71 -43 -4.4251 -17.5 -43 -5.25 -13.0192 -43.8 -3.9354 -17.8
3 16 -52.1586 -0.1 -13.9752 -43.8 -3.9354 -17.8 -43.8 -5.0518 -11.7356
4 71 -41.0581 -4.3576 -21.7856 -41.7556 -3.9043 -22.1585 -40.8874 -3.9831 -23.607 -40.2032 -4.4352 -23.212
4 71 -41.7556 -3.9043 -22.1585 -41.0581 -4.3576 -21.7856 -42.8811 -4.4414 -17.7623 -43.6653 -3.9557 -18.0872
4 16 -41.7556 -3.9043 -22.1585 -43.6653 -3.9557 -18.0872 -49.8906 -0.1 -20.6658 -46.764 -0.1 -27
3 16 -46.764 -0.1 -27 -40.8874 -3.9831 -23.607 -41.7556 -3.9043 -22.1585
4 16 -41.0581 -4.3576 -21.7856 -40.2032 -4.4352 -23.212 -38.97 -5.25 -22.5 -41.5755 -5.25 -17.2214
3 16 -42.8811 -4.4414 -17.7623 -41.0581 -4.3576 -21.7856 -41.5755 -5.25 -17.2214
4 71 -38.7264 -4.3554 -25.6757 -39.3841 -3.9018 -26.1151 -37.4436 -3.9947 -28.7316 -36.8168 -4.4467 -28.2506
4 71 -40.8874 -3.9831 -23.607 -39.3841 -3.9018 -26.1151 -38.7264 -4.3554 -25.6757 -40.2032 -4.4352 -23.212
4 16 -39.3841 -3.9018 -26.1151 -40.8874 -3.9831 -23.607 -46.764 -0.1 -27 -42.8436 -0.1 -32.8752
3 16 -42.8436 -0.1 -32.8752 -37.4436 -3.9947 -28.7316 -39.3841 -3.9018 -26.1151
4 16 -38.7264 -4.3554 -25.6757 -36.8168 -4.4467 -28.2506 -35.703 -5.25 -27.396 -38.97 -5.25 -22.5
3 16 -40.2032 -4.4352 -23.212 -38.7264 -4.3554 -25.6757 -38.97 -5.25 -22.5
4 71 -32.979 -4.4252 -32.679 -33.5383 -3.9726 -33.2383 -33.3809 -3.9864 -33.3809 -32.8216 -4.439 -32.8216
4 71 -33.5383 -3.9726 -33.2383 -32.979 -4.4252 -32.679 -36.0247 -4.384 -29.3185 -36.6361 -3.9307 -29.8203
4 71 -37.4436 -3.9947 -28.7316 -36.6361 -3.9307 -29.8203 -36.0247 -4.384 -29.3185 -36.8168 -4.4467 -28.2506
4 16 -36.6361 -3.9307 -29.8203 -37.4436 -3.9947 -28.7316 -42.8436 -0.1 -32.8752 -38.1834 -0.1 -38.1834
3 16 -38.1834 -0.1 -38.1834 -33.5383 -3.9726 -33.2383 -36.6361 -3.9307 -29.8203
3 16 -38.1834 -0.1 -38.1834 -33.3809 -3.9864 -33.3809 -33.5383 -3.9726 -33.2383
4 16 -35.703 -5.25 -27.396 -36.8168 -4.4467 -28.2506 -36.0247 -4.384 -29.3185 -31.8195 -5.25 -31.8195
4 16 -31.8195 -5.25 -31.8195 -36.0247 -4.384 -29.3185 -32.979 -4.4252 -32.679 -32.8216 -4.439 -32.8216
4 71 -29.6185 -4.3998 -35.7247 -30.1203 -3.9465 -36.3361 -28.6937 -4.0303 -37.3942 -28.2127 -4.4823 -36.7674
4 71 -33.3809 -3.9864 -33.3809 -30.1203 -3.9465 -36.3361 -29.6185 -4.3998 -35.7247 -32.8216 -4.439 -32.8216
4 16 -38.1834 -0.1 -38.1834 -32.8752 -0.1 -42.8436 -30.1203 -3.9465 -36.3361 -33.3809 -3.9864 -33.3809
3 16 -32.8752 -0.1 -42.8436 -28.6937 -4.0303 -37.3942 -30.1203 -3.9465 -36.3361
4 16 -29.6185 -4.3998 -35.7247 -28.2127 -4.4823 -36.7674 -27.396 -5.25 -35.703 -31.8195 -5.25 -31.8195
3 16 -32.8216 -4.439 -32.8216 -29.6185 -4.3998 -35.7247 -31.8195 -5.25 -31.8195
4 71 -28.6937 -4.0303 -37.3942 -26.4151 -3.9495 -39.0841 -25.9757 -4.403 -38.4264 -28.2127 -4.4823 -36.7674
4 71 -24 -4.0277 -40.5316 -24 -4.467 -39.6106 -25.9757 -4.403 -38.4264 -26.4151 -3.9495 -39.0841
4 16 -32.8752 -0.1 -42.8436 -27 -0.1 -46.764 -26.4151 -3.9495 -39.0841 -28.6937 -4.0303 -37.3942
3 16 -27 -0.1 -46.764 -24 -4.0277 -40.5316 -26.4151 -3.9495 -39.0841
4 16 -27.396 -5.25 -35.703 -28.2127 -4.4823 -36.7674 -25.9757 -4.403 -38.4264 -22.7532 -4.9602 -39.4085
3 16 -22.7532 -4.9602 -39.4085 -22.5 -5.25 -38.97 -27.396 -5.25 -35.703
3 16 -24 -4.0277 -40.5316 -27 -0.1 -46.764 -22.7532 -4.9602 -39.4085
3 16 -24 -4.467 -39.6106 -24 -4.0277 -40.5316 -22.7532 -4.9602 -39.4085
3 16 -24 -4.467 -39.6106 -22.7532 -4.9602 -39.4085 -25.9757 -4.403 -38.4264
3 16 -27 -0.1 -46.764 -20.6658 -0.1 -49.8906 -22.7532 -4.9602 -39.4085
4 16 -17.2215 -5.25 -41.5755 -22.3454 -5.25 -39.0463 -22.7532 -4.9602 -39.4085 -20.6658 -0.1 -49.8906
3 16 -22.7532 -4.9602 -39.4085 -22.3454 -5.25 -39.0463 -22.5 -5.25 -38.97
4 16 -20.6658 -0.1 -49.8906 -13.9752 -0.1 -52.1586 -11.646 -5.25 -43.4655 -17.2215 -5.25 -41.5755
4 16 -8.2 -2.8597 -48.4 -11.646 -5.25 -43.4655 -13.9752 -0.1 -52.1586 -7.047 -0.1 -53.5356
4 71 -8.2 -2.8597 -48.4 -7.4 -3.3429 -47.7 -7.4 -5.25 -44.3094 -8.2 -5.25 -44.1504
4 71 -6.2934 -3.4044 -47.8107 -7.4 -3.3429 -47.7 -8.2 -2.8597 -48.4 -6.3964 -2.9527 -48.5932
3 16 -7.047 -0.1 -53.5356 -6.3964 -2.9527 -48.5932 -8.2 -2.8597 -48.4
3 16 -8.2 -2.8597 -48.4 -8.2 -5.25 -44.1504 -11.646 -5.25 -43.4655
3 16 -7.4 -3.3429 -47.7 -6.2934 -3.4044 -47.8107 -5.9953 -4.7114 -45.5462
3 71 -5.8725 -5.25 -44.613 -5.9 -5.25 -44.6075 -5.9 -5.1294 -44.8219
4 16 -5.9 -5.1294 -44.8219 -5.9 -5.25 -44.6075 -7.4 -5.25 -44.3094 -7.4 -3.3429 -47.7
3 16 -7.4 -3.3429 -47.7 -5.9953 -4.7114 -45.5462 -5.9 -5.1294 -44.8219
4 71 -5.4 -4.8175 -45.4 -5.9 -4.7986 -45.4 -5.7693 -4.5922 -45.7693 -5.4 -4.5314 -45.9
4 71 -5.4 -4.8175 -45.4 -5.4 -4.5314 -45.9 0 -4.735 -45.9 0 -5.0211 -45.4
4 71 -5.9 -4.7986 -45.4 -5.4 -4.8175 -45.4 -5.4 -5.25 -44.6441 -5.8725 -5.25 -44.613
4 71 -5.4 -2.9291 -48.7 -5.4 -3.3869 -47.9 -6.2934 -3.4044 -47.8107 -6.3964 -2.9527 -48.5932
4 71 -2.6 -3.3781 -48.1 -5.4 -3.3869 -47.9 -5.4 -2.9291 -48.7 -2.6 -2.9203 -48.9
4 71 0 -3.4189 -48.2 -2.6 -3.3781 -48.1 -2.6 -2.9203 -48.9 0 -2.9611 -49
4 16 -5.7693 -4.5922 -45.7693 -6.2934 -3.4044 -47.8107 -5.4 -3.3869 -47.9 -5.4 -4.5314 -45.9
4 16 -5.4 -4.5314 -45.9 -5.4 -3.3869 -47.9 -2.6 -3.3781 -48.1 0 -4.735 -45.9
3 16 -2.6 -3.3781 -48.1 0 -3.4189 -48.2 0 -4.735 -45.9
4 16 0 -0.1 -54 0 -2.9611 -49 -2.6 -2.9203 -48.9 -7.047 -0.1 -53.5356
3 16 -7.047 -0.1 -53.5356 -5.4 -2.9291 -48.7 -6.3964 -2.9527 -48.5932
3 16 -7.047 -0.1 -53.5356 -2.6 -2.9203 -48.9 -5.4 -2.9291 -48.7
4 16 -5.4 -4.8175 -45.4 0 -5.0211 -45.4 0 -5.25 -45 -5.4 -5.25 -44.6441
4 16 -6.2934 -3.4044 -47.8107 -5.7693 -4.5922 -45.7693 -5.9 -4.7986 -45.4 -5.9953 -4.7114 -45.5462
3 71 -5.9 -4.7986 -45.4 -5.8725 -5.25 -44.613 -5.9 -5.1294 -44.8219
3 16 -5.9953 -4.7114 -45.5462 -5.9 -4.7986 -45.4 -5.9 -5.1294 -44.8219
4 71 0 -7.1611 40.7 0 -6.9389 41.2 -5.4232 -6.78 41.2 -5.3574 -7.0042 40.7
4 16 0 -9.25 36 0 -7.1611 40.7 -5.3574 -7.0042 40.7 -4.698 -9.25 35.6904
4 71 0 -6.4056 42.4 0 -6.1833 42.9 -5.647 -6.0179 42.9 -5.5812 -6.2421 42.4
4 16 -5.647 -6.0179 42.9 0 -6.1833 42.9 -3.8093 -5.25 44.749 -5.8725 -5.25 44.613
3 16 -3.8093 -5.25 44.749 0 -6.1833 42.9 0 -5.25 45
4 16 0 -6.9389 41.2 0 -6.4056 42.4 -5.5812 -6.2421 42.4 -5.4232 -6.78 41.2
4 16 -9.3168 -9.25 34.7724 -9.1877 -5.25 43.9541 -10.8 -5.25 43.6336 -10.8 -6.7029 40.308
4 71 -8.3693 -6.5813 41.0693 -8.5 -6.7313 40.7 -8 -6.7747 40.7 -8 -6.5563 41.2
4 71 -5.4232 -6.78 41.2 -8 -6.5563 41.2 -8 -6.7747 40.7 -5.3574 -7.0042 40.7
4 71 -8 -9.25 35.0341 -8 -6.7747 40.7 -8.5 -6.7313 40.7 -8.5 -9.25 34.9347
4 16 -8 -6.7747 40.7 -8 -9.25 35.0341 -4.698 -9.25 35.6904 -5.3574 -7.0042 40.7
4 71 -8 -5.8136 42.9 -8.5 -5.8576 42.7 -8.3693 -5.9429 42.5307 -8 -6.0321 42.4
4 71 -5.647 -6.0179 42.9 -8 -5.8136 42.9 -8 -6.0321 42.4 -5.5812 -6.2421 42.4
4 71 -8.7612 -5.25 44.0389 -9.1877 -5.25 43.9541 -8.5 -5.8576 42.7 -8 -5.8136 42.9
3 71 -8 -5.8136 42.9 -8.6439 -5.25 44.0622 -8.7612 -5.25 44.0389
4 16 -8 -5.8136 42.9 -5.647 -6.0179 42.9 -5.8725 -5.25 44.613 -8.6439 -5.25 44.0622
4 16 -5.5812 -6.2421 42.4 -8 -6.0321 42.4 -8 -6.5563 41.2 -5.4232 -6.78 41.2
4 16 -8.3693 -5.9429 42.5307 -8.3693 -6.5813 41.0693 -8 -6.5563 41.2 -8 -6.0321 42.4
4 16 -8.5 -5.8576 42.7 -8.5 -6.7313 40.7 -8.3693 -6.5813 41.0693 -8.3693 -5.9429 42.5307
3 71 -11.646 -5.25 43.4655 -11.629 -5.2793 43.4019 -10.8 -5.25 43.6336
3 71 -10.8 -6.7029 40.308 -10.8 -5.25 43.6336 -11.629 -5.2793 43.4019
4 16 -8.5 -5.8576 42.7 -9.1877 -5.25 43.9541 -9.3168 -9.25 34.7724 -8.5 -6.7313 40.7
3 16 -8.5 -9.25 34.9347 -8.5 -6.7313 40.7 -9.3168 -9.25 34.7724
3 71 -12.1 -5.25 43.3116 -11.629 -5.2793 43.4019 -11.646 -5.25 43.4655
4 16 -17.2213 -5.25 41.5756 -13.7772 -9.25 33.2604 -12.1 -5.2675 43.2701 -12.1 -5.25 43.3116
4 71 -11.629 -5.2793 43.4019 -12.1 -5.25 43.3116 -12.1 -5.2675 43.2701 -10.8 -6.7029 40.308
4 71 -10.8 -6.7029 40.308 -12.1 -5.2675 43.2701 -12.1 -9.25 33.8289 -10.8 -9.25 34.2696
3 16 -9.3168 -9.25 34.7724 -10.8 -6.7029 40.308 -10.8 -9.25 34.2696
3 16 -12.1 -9.25 33.8289 -12.1 -5.2675 43.2701 -13.7772 -9.25 33.2604
4 71 -18.6 -8.1237 33.7 -18.1 -8.2222 33.7 -18.2307 -8.049 34.0693 -18.6 -7.924 34.2
4 71 -18.1 -9.1611 31.3492 -18.1 -8.2222 33.7 -18.6 -8.1237 33.7 -18.6 -8.7167 32.2152
4 71 -18.6 -8.1237 33.7 -18.6 -7.924 34.2 -19.746 -7.698 34.2 -19.4573 -7.9546 33.7
3 16 -18.6 -8.7167 32.2152 -18.6 -8.1237 33.7 -19.4573 -7.9546 33.7
3 71 -17.5 -9.25 31.4228 -16.3307 -9.25 32 -17.5 -9.0195 32
3 16 -22.5 -5.25 38.97 -21.4653 -6.1697 37.1779 -21.3588 -5.25 39.5333
4 16 -17.5 -9.0195 32 -18.1 -8.2222 33.7 -18.1 -9.1611 31.3492 -18 -9.25 31.176
4 16 -17.2213 -5.25 41.5756 -18.1 -8.2222 33.7 -17.5 -9.0195 32 -16.3307 -9.25 32
3 16 -13.7772 -9.25 33.2604 -17.2213 -5.25 41.5756 -16.3307 -9.25 32
4 16 -21.4653 -6.1697 37.1779 -19.746 -7.698 34.2 -17.2213 -5.25 41.5756 -21.3588 -5.25 39.5333
3 16 -17.5 -9.25 31.4228 -17.5 -9.0195 32 -18 -9.25 31.176
3 16 -18.6 -7.924 34.2 -17.2213 -5.25 41.5756 -19.746 -7.698 34.2
3 16 -18.2307 -8.049 34.0693 -17.2213 -5.25 41.5756 -18.6 -7.924 34.2
3 16 -18.1 -8.2222 33.7 -17.2213 -5.25 41.5756 -18.2307 -8.049 34.0693
3 71 -23.4 -8.1672 30.4953 -22.6 -5.25 38.9033 -23.4 -5.25 38.3695
3 16 -22.6 -5.25 38.9033 -21.4653 -6.1697 37.1779 -22.5 -5.25 38.97
4 71 -20.212 -9.25 29.7 -22.6 -8.6596 29.7 -22.7018 -8.6769 29.5855 -22.0991 -9.1169 28.8
3 71 -21.5607 -9.25 28.8 -20.212 -9.25 29.7 -22.0991 -9.1169 28.8
4 71 -21.9693 -7.1968 34.0693 -22.1 -7.3013 33.7 -21.6 -7.4249 33.7 -21.6 -7.2397 34.2
4 71 -21.6 -8.5364 30.7 -22.1 -8.4128 30.7 -21.9693 -8.5819 30.3307 -21.6 -8.7216 30.2
4 71 -21.6 -7.4249 33.7 -22.1 -7.3013 33.7 -22.1 -8.4128 30.7 -21.6 -8.5364 30.7
4 71 -18.6 -9.25 30.7756 -18.1 -9.25 31.1093 -18.1 -9.1611 31.3492 -18.6 -8.7167 32.2152
4 71 -19.746 -7.698 34.2 -21.6 -7.2397 34.2 -21.6 -7.4249 33.7 -19.4573 -7.9546 33.7
4 71 -18.7133 -9.25 30.7 -21.6 -8.5364 30.7 -21.6 -8.7216 30.2 -19.4627 -9.25 30.2
4 16 -18.6 -8.7167 32.2152 -19.4573 -7.9546 33.7 -21.6 -7.4249 33.7 -21.6 -8.5364 30.7
4 16 -18.7133 -9.25 30.7 -18.6 -9.25 30.7756 -18.6 -8.7167 32.2152 -21.6 -8.5364 30.7
4 16 -21.9693 -7.1968 34.0693 -21.6 -7.2397 34.2 -21.4653 -6.1697 37.1779 -22.6 -5.25 38.9033
4 16 -22.6 -8.6596 29.7 -22.1 -8.4128 30.7 -22.1 -7.3013 33.7 -22.6 -5.25 38.9033
3 16 -21.9693 -8.5819 30.3307 -22.1 -8.4128 30.7 -22.6 -8.6596 29.7
3 16 -21.6 -8.7216 30.2 -21.9693 -8.5819 30.3307 -22.6 -8.6596 29.7
4 16 -19.4627 -9.25 30.2 -21.6 -8.7216 30.2 -22.6 -8.6596 29.7 -20.212 -9.25 29.7
3 16 -18 -9.25 31.176 -18.1 -9.1611 31.3492 -18.1 -9.25 31.1093
3 16 -19.746 -7.698 34.2 -21.4653 -6.1697 37.1779 -21.6 -7.2397 34.2
3 16 -21.9168 -9.25 28.5624 -21.5607 -9.25 28.8 -22.0991 -9.1169 28.8
4 71 -22.6 -5.25 38.9033 -23.4 -8.1672 30.4953 -22.7018 -8.6769 29.5855 -22.6 -8.6596 29.7
3 16 -23.4 -8.1672 30.4953 -23.4 -5.25 38.3695 -27.396 -5.25 35.703
3 16 -21.9693 -7.1968 34.0693 -22.6 -5.25 38.9033 -22.1 -7.3013 33.7
3 71 -22.0991 -9.1169 28.8 -22.7018 -8.6769 29.5855 -23.4 -8.7346 28.8
4 71 -30.2 -6.2679 30.2 -28.9 -7.085 28.9 -28.9 -5.25 34.3826 -30.2 -5.25 33.2413
4 16 -30.232 -5.25 33.2132 -30.4335 -6.1212 30.4335 -30.2 -6.2679 30.2 -30.2 -5.25 33.2413
3 16 -30.4335 -6.1212 30.4335 -30.232 -5.25 33.2132 -31.8195 -5.25 31.8195
3 71 -22.7018 -8.6769 29.5855 -23.4 -8.1672 30.4953 -23.4 -8.7346 28.8
4 16 -23.4 -8.7346 28.8 -23.4 -8.1672 30.4953 -27.396 -5.25 35.703 -28.2267 -5.25 34.9737
4 16 -28.2267 -5.25 34.9737 -28.9 -5.25 34.3826 -28.9 -7.085 28.9 -25.4556 -9.25 25.4556
3 16 -23.4 -8.7346 28.8 -28.2267 -5.25 34.9737 -25.4556 -9.25 25.4556
4 16 -22.0991 -9.1169 28.8 -23.4 -8.7346 28.8 -25.4556 -9.25 25.4556 -21.9168 -9.25 28.5624
4 71 -30.2 -8.3327 23.1734 -28.9 -9.0609 22.1759 -28.9 -7.085 28.9 -30.2 -6.2679 30.2
4 16 -30.4335 -6.1212 30.4335 -30.9198 -7.9294 23.7257 -30.2 -8.3327 23.1734 -30.2 -6.2679 30.2
4 16 -31.8195 -5.25 31.8195 -32.0116 -5.25 31.6007 -32.0052 -7.3214 24.5586 -30.9198 -7.9294 23.7257
3 16 -30.4335 -6.1212 30.4335 -31.8195 -5.25 31.8195 -30.9198 -7.9294 23.7257
3 16 -35.703 -5.25 27.396 -32.0052 -7.3214 24.5586 -32.0116 -5.25 31.6007
4 16 -25.4556 -9.25 25.4556 -28.9 -7.085 28.9 -28.9 -9.0609 22.1759 -28.5624 -9.25 21.9168
3 16 -37.3901 -5.25 24.8676 -32.0052 -7.3214 24.5586 -35.703 -5.25 27.396
4 71 -30.2 -9.25 19.4627 -28.9 -9.25 21.4109 -28.9 -9.0609 22.1759 -30.2 -8.3327 23.1734
4 16 -37.3901 -5.25 24.8676 -38.97 -5.25 22.5 -32 -8.7489 18.792 -32.0052 -7.3214 24.5586
4 16 -30.2 -8.3327 23.1734 -30.9198 -7.9294 23.7257 -31.2986 -9.0806 18.5015 -31.1235 -9.25 18.0787
3 16 -31.1235 -9.25 18.0787 -30.2 -9.25 19.4627 -30.2 -8.3327 23.1734
4 16 -32.0052 -7.3214 24.5586 -32 -8.7489 18.792 -31.2986 -9.0806 18.5015 -30.9198 -7.9294 23.7257
3 16 -28.5624 -9.25 21.9168 -28.9 -9.0609 22.1759 -28.9 -9.25 21.4109
3 16 -38.97 -5.25 22.5 -32.3189 -8.6634 18.6599 -32 -8.7489 18.792
4 71 -32 -8.7489 18.792 -32.3189 -8.6634 18.6599 -31.176 -9.25 18 -31.2986 -9.0806 18.5015
3 71 -31.1235 -9.25 18.0787 -31.2986 -9.0806 18.5015 -31.176 -9.25 18
3 16 -38.6 -6.1288 18.792 -32.3189 -8.6634 18.6599 -38.97 -5.25 22.5
4 71 -38.6266 -6.6686 16 -35.4882 -8.1783 14.7 -32.8049 -9.25 14.7 -32.1632 -9.25 16
4 71 -38.6 -6.3243 17.8 -39.3015 -5.9059 18.5015 -39.592 -5.9281 17.8 -39.3015 -6.1825 17.0986
4 71 -38.6 -6.3243 17.8 -39.3015 -6.1825 17.0986 -38.6 -6.5199 16.808 -37.8986 -6.7428 17.0986
4 71 -38.6 -6.3243 17.8 -37.8986 -6.7428 17.0986 -37.608 -6.7205 17.8 -37.8986 -6.4662 18.5015
4 71 -38.6 -6.3243 17.8 -37.8986 -6.4662 18.5015 -38.6 -6.1288 18.792 -39.3015 -5.9059 18.5015
4 16 -37.8986 -6.7428 17.0986 -38.6 -6.5199 16.808 -32 -9.1559 16.808 -32.7015 -8.8185 17.0986
4 16 -37.608 -6.7205 17.8 -37.8986 -6.7428 17.0986 -32.7015 -8.8185 17.0986 -32.992 -8.5641 17.8
4 16 -37.8986 -6.4662 18.5015 -37.608 -6.7205 17.8 -32.992 -8.5641 17.8 -32.7015 -8.5419 18.5015
4 16 -32.3189 -8.6634 18.6599 -38.6 -6.1288 18.792 -37.8986 -6.4662 18.5015 -32.7015 -8.5419 18.5015
4 16 -38.6266 -6.6686 16 -32.1632 -9.25 16 -32 -9.1559 16.808 -38.6 -6.5199 16.808
4 16 -35.4882 -8.1783 14.7 -33.3154 -9.2235 13.8 -33.2492 -9.25 13.8 -32.8049 -9.25 14.7
4 16 -39.3015 -6.1825 17.0986 -41.5756 -5.25 17.2213 -38.6266 -6.6686 16 -38.6 -6.5199 16.808
3 16 -39.3015 -6.1825 17.0986 -39.592 -5.9281 17.8 -41.5756 -5.25 17.2213
3 71 -33.2604 -9.25 13.7772 -33.2492 -9.25 13.8 -33.3154 -9.2235 13.8
4 16 -41.5756 -5.25 17.2213 -39.592 -5.9281 17.8 -39.3015 -5.9059 18.5015 -38.97 -5.25 22.5
3 16 -38.6 -6.1288 18.792 -38.97 -5.25 22.5 -39.3015 -5.9059 18.5015
4 71 -32 -9.1559 16.808 -31.7038 -9.25 16.9307 -31.176 -9.25 18 -32.7015 -8.8185 17.0986
4 71 -32.992 -8.5641 17.8 -32.7015 -8.8185 17.0986 -31.176 -9.25 18 -32.7015 -8.5419 18.5015
3 71 -31.176 -9.25 18 -32.3189 -8.6634 18.6599 -32.7015 -8.5419 18.5015
3 16 -32.1632 -9.25 16 -31.7038 -9.25 16.9307 -32 -9.1559 16.808
4 16 -42.7353 -5.25 13.8 -33.3154 -9.2235 13.8 -35.4882 -8.1783 14.7 -42.4303 -5.25 14.7
4 71 -35.4882 -8.1783 14.7 -38.6266 -6.6686 16 -41.9896 -5.25 16 -42.4303 -5.25 14.7
4 71 -43.0049 -5.25 13.0049 -43.4655 -5.25 11.646 -43 -5.4642 11.5213 -43 -5.2527 13
4 71 -42.7353 -5.25 13.8 -33.5239 -9.25 13 -33.2604 -9.25 13.7772 -33.3154 -9.2235 13.8
4 16 -43 -5.4642 11.5213 -34.7724 -9.25 9.3168 -33.5239 -9.25 13 -43 -5.2527 13
3 16 -38.6266 -6.6686 16 -41.5756 -5.25 17.2213 -41.9896 -5.25 16
4 71 -42.7353 -5.25 13.8 -43.0049 -5.25 13.0049 -43 -5.2527 13 -33.5239 -9.25 13
3 16 -43.8 -5.6145 5.7655 -43.8 -5.25 9.963 -44.613 -5.25 5.8725
4 71 -43.4655 -5.25 11.646 -43.8 -5.25 9.963 -43.8 -5.6145 5.7655 -43 -5.9731 5.6602
3 71 -43 -5.4642 11.5213 -43.4655 -5.25 11.646 -43 -5.9731 5.6602
4 16 -34.7724 -9.25 9.3168 -43 -5.4642 11.5213 -43 -5.9731 5.6602 -35.6904 -9.25 4.698
4 71 -36.6 -8.9833 0 -36.6 -8.9365 1.6 -38.6 -8.0476 1.6 -38.6 -8.0944 0
4 320 -36.1 -9.1587 1.6 -36.1 -9.2056 0 -36 -9.25 0 -35.8946 -9.25 1.6
4 16 -36.1 -9.2056 0 -36.1 -9.1587 1.6 -36.6 -8.9365 1.6 -36.6 -8.9833 0
4 16 -43 -6.1389 0 -38.6 -8.0944 0 -38.6 -8.0476 1.6 -43 -5.9731 5.6602
3 16 -35.8946 -9.25 1.6 -35.6904 -9.25 4.698 -36.1 -9.1587 1.6
4 16 -44.613 -5.25 5.8725 -45 -5.25 0 -43.8 -5.7833 0 -43.8 -5.6145 5.7655
4 71 -43.8 -5.6145 5.7655 -43.8 -5.7833 0 -43 -6.1389 0 -43 -5.9731 5.6602
4 16 -35.6904 -9.25 4.698 -43 -5.9731 5.6602 -38.6 -8.0476 1.6 -36.6 -8.9365 1.6
3 16 -36.1 -9.1587 1.6 -35.6904 -9.25 4.698 -36.6 -8.9365 1.6
4 71 -38.6 -7.9456 -5.081 -36.6 -8.8422 -4.8177 -36.6 -8.9833 0 -38.6 -8.0944 0
4 320 -36.1 -9.2056 0 -36.1 -9.0664 -4.7519 -35.6904 -9.25 -4.698 -36 -9.25 0
4 16 -36.6 -8.8422 -4.8177 -36.1 -9.0664 -4.7519 -36.1 -9.2056 0 -36.6 -8.9833 0
4 16 -43 -6.1389 0 -43 -5.9731 -5.6602 -38.6 -7.9456 -5.081 -38.6 -8.0944 0
4 71 -43 -6.1389 0 -43.8 -5.7833 0 -43.8 -5.6145 -5.7655 -43 -5.9731 -5.6602
4 16 -44.613 -5.25 -5.8725 -43.8 -5.6145 -5.7655 -43.8 -5.7833 0 -45 -5.25 0
4 71 -43.8 -5.25 -9.963 -43.4655 -5.25 -11.646 -43 -5.9731 -5.6602 -43.8 -5.6145 -5.7655
4 71 -36.6 -8.4091 -9.8065 -36.6 -8.8422 -4.8177 -38.6 -7.9456 -5.081 -38.6 -7.4888 -10.3424
4 320 -36.1 -9.0664 -4.7519 -36.1 -8.6391 -9.6725 -34.7724 -9.25 -9.3168 -35.6904 -9.25 -4.698
4 16 -36.6 -8.8422 -4.8177 -36.6 -8.4091 -9.8065 -36.1 -8.6391 -9.6725 -36.1 -9.0664 -4.7519
4 16 -43 -5.4642 -11.5213 -38.6 -7.4888 -10.3424 -38.6 -7.9456 -5.081 -43 -5.9731 -5.6602
3 71 -43 -5.9731 -5.6602 -43.4655 -5.25 -11.646 -43 -5.4642 -11.5213
3 16 -43.8 -5.25 -9.963 -43.8 -5.6145 -5.7655 -44.613 -5.25 -5.8725
4 71 -36.6 -7.7379 -14.5 -36.6 -8.4091 -9.8065 -38.6 -7.4888 -10.3424 -38.6 -6.7942 -15.2
4 320 -34.7724 -9.25 -9.3168 -36.1 -8.6391 -9.6725 -36.1 -7.9488 -14.5 -35.9243 -7.9685 -14.8807
3 320 -34.7724 -9.25 -9.3168 -35.9243 -7.9685 -14.8807 -33.2604 -9.25 -13.7772
4 16 -36.6 -8.4091 -9.8065 -36.6 -7.7379 -14.5 -36.1 -7.9488 -14.5 -36.1 -8.6391 -9.6725
4 16 -36.6 -7.7379 -14.5 -38.6 -6.7942 -15.2 -38.2911 -6.83 -15.8607 -36.4263 -7.7271 -15.0883
4 16 -36.4263 -7.7271 -15.0883 -35.9243 -7.9685 -14.8807 -36.1 -7.9488 -14.5 -36.6 -7.7379 -14.5
4 16 -41.5755 -5.25 -17.2214 -38.2911 -6.83 -15.8607 -38.6 -6.7942 -15.2 -43 -5.25 -13.0192
4 16 -38.6 -7.4888 -10.3424 -43 -5.4642 -11.5213 -43 -5.25 -13.0192 -38.6 -6.7942 -15.2
3 71 -43 -5.4642 -11.5213 -43.4655 -5.25 -11.646 -43 -5.25 -13.0192
3 320 -35.9243 -7.9685 -14.8807 -34.3 -7.9234 -18.4 -33.2604 -9.25 -13.7772
4 16 -38.2911 -6.83 -15.8607 -41.5755 -5.25 -17.2214 -38.97 -5.25 -22.5 -36.5521 -6.7997 -19.5375
4 71 -34.772 -7.6983 -18.586 -36.4263 -7.7271 -15.0883 -38.2911 -6.83 -15.8607 -36.5521 -6.7997 -19.5375
4 71 -34.1085 -7.745 -19.6931 -34.772 -7.6983 -18.586 -36.5521 -6.7997 -19.5375 -35.8546 -6.8489 -20.7013
4 320 -34.3 -7.9234 -18.4 -33.6935 -7.958 -19.4535 -31.176 -9.25 -18 -33.2604 -9.25 -13.7772
4 16 -34.3 -7.9234 -18.4 -35.9243 -7.9685 -14.8807 -36.4263 -7.7271 -15.0883 -34.772 -7.6983 -18.586
4 16 -34.772 -7.6983 -18.586 -34.1085 -7.745 -19.6931 -33.6935 -7.958 -19.4535 -34.3 -7.9234 -18.4
3 16 -35.8546 -6.8489 -20.7013 -36.5521 -6.7997 -19.5375 -38.97 -5.25 -22.5
4 71 -34.4611 -6.7904 -23.0262 -32.7828 -7.6894 -21.9048 -34.1085 -7.745 -19.6931 -35.8546 -6.8489 -20.7013
4 71 -31.2464 -7.7465 -23.9764 -32.7828 -7.6894 -21.9048 -34.4611 -6.7904 -23.0262 -32.8461 -6.8504 -25.2038
4 320 -31.176 -9.25 -18 -33.6935 -7.958 -19.4535 -32.4 -7.8818 -21.7 -30.8841 -7.9495 -23.6983
3 320 -31.176 -9.25 -18 -30.8841 -7.9495 -23.6983 -28.5624 -9.25 -21.9168
4 16 -32.7828 -7.6894 -21.9048 -31.2464 -7.7465 -23.9764 -30.8841 -7.9495 -23.6983 -32.4 -7.8818 -21.7
4 16 -33.6935 -7.958 -19.4535 -34.1085 -7.745 -19.6931 -32.7828 -7.6894 -21.9048 -32.4 -7.8818 -21.7
4 16 -38.97 -5.25 -22.5 -35.703 -5.25 -27.396 -32.8461 -6.8504 -25.2038 -34.4611 -6.7904 -23.0262
3 16 -34.4611 -6.7904 -23.0262 -35.8546 -6.8489 -20.7013 -38.97 -5.25 -22.5
3 320 -30.8841 -7.9495 -23.6983 -30.2 -7.9135 -24.6 -28.5624 -9.25 -21.9168
4 71 -32.0382 -6.8007 -26.2931 -30.4779 -7.6992 -25.0126 -31.2464 -7.7465 -23.9764 -32.8461 -6.8504 -25.2038
4 71 -27.8795 -7.7265 -27.8795 -30.4779 -7.6992 -25.0126 -32.0382 -6.8007 -26.2931 -29.3068 -6.8294 -29.3068
4 320 -28.5624 -9.25 -21.9168 -30.2 -7.9135 -24.6 -27.8 -7.9234 -27.3 -27.8 -9.25 -22.7852
4 16 -30.4779 -7.6992 -25.0126 -27.8795 -7.7265 -27.8795 -27.8 -7.9234 -27.3 -30.2 -7.9135 -24.6
4 16 -31.2464 -7.7465 -23.9764 -30.4779 -7.6992 -25.0126 -30.2 -7.9135 -24.6 -30.8841 -7.9495 -23.6983
3 16 -27.8795 -7.7265 -27.8795 -25.4556 -9.25 -25.4556 -27.8 -7.9234 -27.3
3 16 -25.4556 -9.25 -25.4556 -27.8 -9.25 -22.7852 -27.8 -7.9234 -27.3
4 16 -32.0382 -6.8007 -26.2931 -32.8461 -6.8504 -25.2038 -35.703 -5.25 -27.396 -31.8195 -5.25 -31.8195
3 16 -29.3068 -6.8294 -29.3068 -32.0382 -6.8007 -26.2931 -31.8195 -5.25 -31.8195
3 16 -27.1998 -7.72 -28.4955 -25.4556 -9.25 -25.4556 -27.8795 -7.7265 -27.8795
4 71 -23.2 -8.3132 -30.2347 -22.1 -9.1163 -28.8012 -22.1 -9.25 -28.4016 -23.2 -9.25 -27.4359
3 16 -21.9168 -9.25 -28.5624 -22.1 -9.25 -28.4016 -22.1 -9.1163 -28.8012
4 71 -27.1998 -7.72 -28.4955 -27.8795 -7.7265 -27.8795 -29.3068 -6.8294 -29.3068 -28.5767 -6.8224 -29.9684
4 16 -28.5767 -6.8224 -29.9684 -29.3068 -6.8294 -29.3068 -31.8195 -5.25 -31.8195 -27.396 -5.25 -35.703
4 16 -23.2 -9.25 -27.4359 -25.4556 -9.25 -25.4556 -27.1998 -7.72 -28.4955 -23.2 -8.3132 -30.2347
4 16 -27.396 -5.25 -35.703 -23.2 -8.3132 -30.2347 -27.1998 -7.72 -28.4955 -28.5767 -6.8224 -29.9684
4 71 -19.6927 -7.7454 -34.1077 -21.9 -7.6906 -32.7828 -23 -6.7969 -34.4611 -20.699 -6.8509 -35.8507
4 71 -23.2 -8.3132 -30.2347 -23.2 -6.9182 -34 -22.1 -7.82 -32.3 -22.1 -9.1163 -28.8012
4 320 -18 -9.25 -31.176 -21.4 -9.25 -28.9073 -21.4 -8.1042 -32 -19.2512 -8.1379 -33.343
4 16 -22.1 -7.82 -32.3 -23.2 -6.9182 -34 -23 -6.7969 -34.4611 -21.9 -7.6906 -32.7828
4 16 -21.4 -8.1042 -32 -22.1 -7.82 -32.3 -21.9 -7.6906 -32.7828 -19.6927 -7.7454 -34.1077
4 16 -21.4 -9.25 -28.9073 -21.9168 -9.25 -28.5624 -22.1 -9.1163 -28.8012 -22.1 -7.82 -32.3
3 16 -21.4 -8.1042 -32 -21.4 -9.25 -28.9073 -22.1 -7.82 -32.3
3 16 -19.6927 -7.7454 -34.1077 -19.2512 -8.1379 -33.343 -21.4 -8.1042 -32
3 16 -23.2 -6.9182 -34 -23.2 -8.3132 -30.2347 -27.396 -5.25 -35.703
3 16 -23 -6.7969 -34.4611 -23.2 -6.9182 -34 -27.396 -5.25 -35.703
4 16 -27.396 -5.25 -35.703 -22.5 -5.25 -38.97 -20.699 -6.8509 -35.8507 -23 -6.7969 -34.4611
4 16 -19.2512 -8.1379 -33.343 -19.6927 -7.7454 -34.1077 -18.586 -7.6983 -34.772 -18.2 -8.0827 -34
4 71 -19.5375 -6.7997 -36.5521 -18.586 -7.6983 -34.772 -19.6927 -7.7454 -34.1077 -20.699 -6.8509 -35.8507
4 71 -15.0883 -7.7271 -36.4263 -18.586 -7.6983 -34.772 -19.5375 -6.7997 -36.5521 -15.8607 -6.83 -38.2911
4 320 -18 -9.25 -31.176 -19.2512 -8.1379 -33.343 -18.2 -8.0827 -34 -13.7772 -9.25 -33.2604
3 320 -18.2 -8.0827 -34 -14.7538 -8.1158 -35.6181 -13.7772 -9.25 -33.2604
4 16 -14.7538 -8.1158 -35.6181 -18.2 -8.0827 -34 -18.586 -7.6983 -34.772 -15.0883 -7.7271 -36.4263
4 16 -17.2215 -5.25 -41.5755 -15.8607 -6.83 -38.2911 -19.5375 -6.7997 -36.5521 -22.3454 -5.25 -39.0463
4 16 -22.3454 -5.25 -39.0463 -19.5375 -6.7997 -36.5521 -20.699 -6.8509 -35.8507 -22.5 -5.25 -38.97
4 320 -12 -9.25 -33.8628 -13.7772 -9.25 -33.2604 -14.7538 -8.1158 -35.6181 -12 -8.0532 -36.7
4 71 -11.4 -7.7046 -37.7298 -15.0883 -7.7271 -36.4263 -15.8607 -6.83 -38.2911 -12.0311 -6.7996 -39.6614
3 71 -11.4 -7.7046 -37.7298 -12.0311 -6.7996 -39.6614 -11.4 -6.8232 -39.8194
4 16 -12.0311 -6.7996 -39.6614 -17.2215 -5.25 -41.5755 -11.646 -5.25 -43.4655 -11.4 -6.8232 -39.8194
4 16 -15.0883 -7.7271 -36.4263 -11.4 -7.7046 -37.7298 -12 -8.0532 -36.7 -14.7538 -8.1158 -35.6181
3 16 -9.3168 -9.25 -34.7724 -11.4 -6.8232 -39.8194 -11.646 -5.25 -43.4655
3 16 -9.3168 -9.25 -34.7724 -11.4 -7.7046 -37.7298 -11.4 -6.8232 -39.8194
3 16 -15.8607 -6.83 -38.2911 -17.2215 -5.25 -41.5755 -12.0311 -6.7996 -39.6614
4 16 -9.3168 -9.25 -34.7724 -12 -9.25 -33.8628 -12 -8.0532 -36.7 -11.4 -7.7046 -37.7298
4 71 -5.9 -5.25 -44.6075 -5.8725 -5.25 -44.613 -5.4 -8.049 -38.3 -5.9 -8.0056 -38.3
4 16 -8.2 -9.25 -34.9944 -9.3168 -9.25 -34.7724 -11.646 -5.25 -43.4655 -8.2 -5.25 -44.1504
4 71 -5.4 -9.0101 -36.1 -5.9 -8.9667 -36.1 -5.7693 -8.8167 -36.4693 -5.4 -8.7917 -36.6
4 71 -4.7519 -9.0664 -36.1 -5.4 -9.0101 -36.1 -5.4 -8.7917 -36.6 -4.8177 -8.8422 -36.6
4 71 -5.9 -8.9667 -36.1 -5.4 -9.0101 -36.1 -5.4 -9.25 -35.5509 -5.9 -9.25 -35.4515
4 16 -5.4 -9.0101 -36.1 -4.7519 -9.0664 -36.1 -4.698 -9.25 -35.6904 -5.4 -9.25 -35.5509
4 71 -5.7693 -8.1783 -37.9307 -5.9 -8.0056 -38.3 -5.4 -8.049 -38.3 -5.4 -8.2674 -37.8
4 71 -4.9757 -8.3043 -37.8 -5.4 -8.2674 -37.8 -5.4 -8.049 -38.3 -5.0415 -8.0801 -38.3
3 71 -5.8725 -5.25 -44.613 -5.4 -6.8592 -41.0235 -5.4 -8.049 -38.3
4 16 -5.9 -8.9667 -36.1 -5.9 -8.0056 -38.3 -5.7693 -8.1783 -37.9307 -5.7693 -8.8167 -36.4693
4 16 -5.4 -8.7917 -36.6 -5.7693 -8.8167 -36.4693 -5.7693 -8.1783 -37.9307 -5.4 -8.2674 -37.8
4 16 -4.8177 -8.8422 -36.6 -5.4 -8.7917 -36.6 -5.4 -8.2674 -37.8 -4.9757 -8.3043 -37.8
3 16 -5.4 -6.8592 -41.0235 -5.0415 -8.0801 -38.3 -5.4 -8.049 -38.3
4 71 -8.2 -9.25 -34.9944 -8.2 -5.25 -44.1504 -7.4 -5.25 -44.3094 -7.4 -9.25 -35.1534
3 16 -5.9 -9.25 -35.4515 -7.4 -9.25 -35.1534 -5.9 -8.9667 -36.1
4 16 -5.9 -8.0056 -38.3 -5.9 -8.9667 -36.1 -7.4 -9.25 -35.1534 -7.4 -5.25 -44.3094
3 16 -7.4 -5.25 -44.3094 -5.9 -5.25 -44.6075 -5.9 -8.0056 -38.3
4 71 0 -8.9833 -36.6 0 -9.2056 -36.1 -4.7519 -9.0664 -36.1 -4.8177 -8.8422 -36.6
4 16 -4.7519 -9.0664 -36.1 0 -9.2056 -36.1 0 -9.25 -36 -4.698 -9.25 -35.6904
4 71 0 -8.2278 -38.3 0 -8.45 -37.8 -4.9757 -8.3043 -37.8 -5.0415 -8.0801 -38.3
3 71 -5.8725 -5.25 -44.613 -5.4 -5.25 -44.6441 -5.4 -6.8592 -41.0235
4 16 0 -8.45 -37.8 0 -8.9833 -36.6 -4.8177 -8.8422 -36.6 -4.9757 -8.3043 -37.8
4 16 -5.0415 -8.0801 -38.3 -5.4 -6.8592 -41.0235 -5.4 -5.25 -44.6441 0 -5.25 -45
3 16 -5.0415 -8.0801 -38.3 0 -5.25 -45 0 -8.2278 -38.3
4 71 0 -12.125 26.8 0 -11.9688 27.3 -3.5936 -11.8947 27.3 -3.5277 -12.0524 26.8
4 16 0 -13 24 0 -12.125 26.8 -3.5277 -12.0524 26.8 -3.132 -13 23.7936
4 71 0 -10.6875 31.4 0 -10.5313 31.9 -4.1991 -10.4448 31.9 -4.1332 -10.6024 31.4
4 71 0 -11.5938 28.5 0 -11.4375 29 -3.8173 -11.3589 29 -3.7515 -11.5165 28.5
4 16 0 -11.4375 29 0 -10.6875 31.4 -4.1332 -10.6024 31.4 -3.8173 -11.3589 29
4 71 0 -10.1563 33.1 0 -10 33.6 -4.4228 -9.9089 33.6 -4.357 -10.0665 33.1
4 16 -4.4228 -9.9089 33.6 0 -10 33.6 0 -9.25 36 -4.698 -9.25 35.6904
4 16 0 -10.5313 31.9 0 -10.1563 33.1 -4.357 -10.0665 33.1 -4.1991 -10.4448 31.9
4 16 0 -11.9688 27.3 0 -11.5938 28.5 -3.7515 -11.5165 28.5 -3.5936 -11.8947 27.3
4 71 -5.7693 -11.8021 27.1693 -5.9 -11.9075 26.8 -5.4 -11.9381 26.8 -5.4 -11.7845 27.3
4 71 -3.5936 -11.8947 27.3 -5.4 -11.7845 27.3 -5.4 -11.9381 26.8 -3.5277 -12.0524 26.8
4 71 -5.4 -13 23.3428 -5.4 -11.9381 26.8 -5.9 -11.9075 26.8 -5.9 -13 23.2435
4 16 -3.5277 -12.0524 26.8 -5.4 -11.9381 26.8 -5.4 -13 23.3428 -3.132 -13 23.7936
4 71 -8 -10.2127 31.9 -8.3693 -10.2303 31.7693 -8.4506 -10.2959 31.5396 -8.4132 -10.3411 31.4
4 71 -8 -10.2127 31.9 -8.4132 -10.3411 31.4 -8 -10.3663 31.4 -4.1991 -10.4448 31.9
3 71 -8 -10.3663 31.4 -4.1332 -10.6024 31.4 -4.1991 -10.4448 31.9
4 71 -7.7702 -11.1176 29 -7.6362 -11.2793 28.5 -3.7515 -11.5165 28.5 -3.8173 -11.3589 29
3 71 -8.4132 -10.3411 31.4 -8 -10.84 29.8578 -8 -10.3663 31.4
4 16 -4.1332 -10.6024 31.4 -8 -10.3663 31.4 -8 -10.84 29.8578 -7.7702 -11.1176 29
3 16 -7.7702 -11.1176 29 -3.8173 -11.3589 29 -4.1332 -10.6024 31.4
4 71 -8 -9.6905 33.6 -8.5 -9.66 33.6 -8.3693 -9.7814 33.2307 -8 -9.8441 33.1
4 71 -4.4228 -9.9089 33.6 -8 -9.6905 33.6 -8 -9.8441 33.1 -4.357 -10.0665 33.1
4 71 -8.5 -9.66 33.6 -8 -9.6905 33.6 -8 -9.25 35.0341 -8.5 -9.25 34.9347
4 16 -8 -9.25 35.0341 -8 -9.6905 33.6 -4.4228 -9.9089 33.6 -4.698 -9.25 35.6904
4 16 -4.357 -10.0665 33.1 -8 -9.8441 33.1 -8 -10.2127 31.9 -4.1991 -10.4448 31.9
4 16 -8.3693 -9.7814 33.2307 -8.3693 -10.2303 31.7693 -8 -10.2127 31.9 -8 -9.8441 33.1
4 16 -8.4506 -10.2959 31.5396 -8.3693 -10.2303 31.7693 -8.3693 -9.7814 33.2307 -8.5 -9.66 33.6
4 16 -5.4 -11.7845 27.3 -3.5936 -11.8947 27.3 -3.7515 -11.5165 28.5 -7.6362 -11.2793 28.5
4 16 -7.6362 -11.2793 28.5 -6.2112 -13 23.1816 -5.9 -13 23.2435 -5.9 -11.9075 26.8
3 16 -5.9 -11.9075 26.8 -5.7693 -11.8021 27.1693 -7.6362 -11.2793 28.5
3 16 -5.7693 -11.8021 27.1693 -5.4 -11.7845 27.3 -7.6362 -11.2793 28.5
3 16 -9.3168 -9.25 34.7724 -8.5 -9.66 33.6 -8.5 -9.25 34.9347
3 16 -8.5 -9.66 33.6 -9.3168 -9.25 34.7724 -8.4506 -10.2959 31.5396
3 16 -9.3168 -9.25 34.7724 -8.5 -10.3324 31.4 -8.4506 -10.2959 31.5396
3 71 -8.5 -10.3324 31.4 -8.4132 -10.3411 31.4 -8.4506 -10.2959 31.5396
4 71 -8 -11.0945 29 -8.5 -11.0442 29 -8.3693 -11.1669 28.6307 -8 -11.2428 28.5
4 71 -7.7702 -11.1176 29 -8 -11.0945 29 -8 -11.2428 28.5 -7.6362 -11.2793 28.5
4 71 -8 -10.84 29.8578 -8.4132 -10.3411 31.4 -8.5 -10.3324 31.4 -8.5 -11.0442 29
3 71 -8.5 -11.0442 29 -8 -11.0945 29 -8 -10.84 29.8578
3 16 -8 -11.0945 29 -7.7702 -11.1176 29 -8 -10.84 29.8578
4 71 -10.1 -12.2527 24.383 -10.1 -10.9426 28.8 -10.4 -10.7345 29.4 -11.4 -10.8119 28.8
4 71 -11.4 -10.8119 28.8 -10.4 -10.7345 29.4 -10.8 -10.6053 29.7 -12.1 -10.4746 29.7
4 16 -8.5 -10.3324 31.4 -10.4 -10.7345 29.4 -10.1 -10.9426 28.8 -8.5 -11.0442 29
4 16 -8.5 -11.0442 29 -10.1 -10.9426 28.8 -10.1 -12.2527 24.383 -8.3693 -11.1669 28.6307
4 71 -11.9296 -10.7587 28.8 -11.4 -10.8119 28.8 -12.1 -10.4746 29.7 -12.3024 -10.4543 29.7
3 71 -13.2551 -9.6763 32 -12.6 -10.2113 30.4185 -12.6 -9.7422 32
4 16 -12.1 -10.4746 29.7 -12.1 -9.25 33.8289 -12.6 -9.7422 32 -12.6 -10.2113 30.4185
3 16 -11.9296 -10.7587 28.8 -11.4 -11.1911 27.5215 -11.4 -10.8119 28.8
4 16 -12.1 -9.25 33.8289 -13.7772 -9.25 33.2604 -13.2551 -9.6763 32 -12.6 -9.7422 32
4 16 -10.1 -12.2527 24.383 -9.1848 -13 22.1736 -6.2112 -13 23.1816 -7.6362 -11.2793 28.5
3 16 -8 -11.2428 28.5 -10.1 -12.2527 24.383 -7.6362 -11.2793 28.5
3 16 -10.1 -12.2527 24.383 -8 -11.2428 28.5 -8.3693 -11.1669 28.6307
3 71 -11.4 -11.1911 27.5215 -10.1 -12.2527 24.383 -11.4 -10.8119 28.8
4 16 -10.4 -10.7345 29.4 -8.5 -10.3324 31.4 -9.3168 -9.25 34.7724 -10.8 -10.6053 29.7
3 16 -10.8 -9.25 34.2696 -10.8 -10.6053 29.7 -9.3168 -9.25 34.7724
4 71 -12.1 -9.25 33.8289 -12.1 -10.4746 29.7 -10.8 -10.6053 29.7 -10.8 -9.25 34.2696
3 16 -12.1 -10.4746 29.7 -12.6 -10.2113 30.4185 -12.3024 -10.4543 29.7
3 16 -12.6 -10.2113 30.4185 -12.6 -10.2726 30.2 -12.3024 -10.4543 29.7
4 71 -17.1478 -9.7826 29.7 -16.6282 -10.1074 28.8 -11.9296 -10.7587 28.8 -12.3024 -10.4543 29.7
4 71 -16.3307 -9.25 32 -17.5 -9.25 31.4228 -17.5 -9.5625 30.31 -17.4365 -9.6022 30.2
4 71 -12.6 -10.2113 30.4185 -13.2551 -9.6763 32 -16.3307 -9.25 32 -17.4365 -9.6022 30.2
3 71 -17.4365 -9.6022 30.2 -12.6 -10.2726 30.2 -12.6 -10.2113 30.4185
3 16 -16.3307 -9.25 32 -13.2551 -9.6763 32 -13.7772 -9.25 33.2604
4 16 -11.4 -11.1911 27.5215 -11.9296 -10.7587 28.8 -16.6282 -10.1074 28.8 -12.3441 -12.785 21.3799
3 16 -12.3441 -12.785 21.3799 -11.4 -12.7136 22.1 -11.4 -11.1911 27.5215
4 71 -12.3441 -12.785 21.3799 -12 -13 20.784 -10.1 -13 21.7219 -11.4 -12.7136 22.1
3 16 -10.1 -13 21.7219 -9.1848 -13 22.1736 -10.1 -12.2527 24.383
4 71 -11.4 -12.7136 22.1 -10.1 -13 21.7219 -10.1 -12.2527 24.383 -11.4 -11.1911 27.5215
3 16 -17.5 -9.25 31.4228 -18 -9.25 31.176 -17.5 -9.5625 30.31
4 16 -12.6 -10.2726 30.2 -17.4365 -9.6022 30.2 -17.1478 -9.7826 29.7 -12.3024 -10.4543 29.7
4 16 -18.1 -9.3566 30.7 -17.5 -9.5625 30.31 -18 -9.25 31.176 -18.1 -9.25 31.1093
4 71 -14.9061 -12.8486 19.4259 -14.6112 -13 19.0416 -12 -13 20.784 -12.3441 -12.785 21.3799
4 71 -20.212 -9.25 29.7 -21.5607 -9.25 28.8 -16.6282 -10.1074 28.8 -17.1478 -9.7826 29.7
4 71 -18.2307 -9.4301 30.3307 -18.1 -9.3566 30.7 -18.6 -9.2697 30.7 -18.6 -9.3999 30.2
4 71 -18.6 -9.2697 30.7 -18.1 -9.3566 30.7 -18.1 -9.25 31.1093 -18.6 -9.25 30.7756
4 71 -18.6 -9.3999 30.2 -18.6 -9.2697 30.7 -18.7133 -9.25 30.7 -19.4627 -9.25 30.2
3 16 -18.6 -9.25 30.7756 -18.7133 -9.25 30.7 -18.6 -9.2697 30.7
3 71 -17.5 -9.5912 30.2 -17.4365 -9.6022 30.2 -17.5 -9.5625 30.31
4 16 -18.2307 -9.4301 30.3307 -18.6 -9.3999 30.2 -17.5 -9.5912 30.2 -17.5 -9.5625 30.31
4 16 -20.212 -9.25 29.7 -17.1478 -9.7826 29.7 -17.5 -9.5912 30.2 -18.6 -9.3999 30.2
4 16 -16.6282 -10.1074 28.8 -21.5607 -9.25 28.8 -21.9168 -9.25 28.5624 -14.9061 -12.8486 19.4259
3 16 -12.3441 -12.785 21.3799 -16.6282 -10.1074 28.8 -14.9061 -12.8486 19.4259
3 16 -20.212 -9.25 29.7 -18.6 -9.3999 30.2 -19.4627 -9.25 30.2
3 16 -17.5 -9.5625 30.31 -18.1 -9.3566 30.7 -18.2307 -9.4301 30.3307
3 16 -17.1478 -9.7826 29.7 -17.4365 -9.6022 30.2 -17.5 -9.5912 30.2
4 71 -14.6112 -13 19.0416 -14.9061 -12.8486 19.4259 -17.3 -12.7837 17.6 -16.9704 -13 16.9704
3 71 -17.3 -12.8543 17.3 -16.9704 -13 16.9704 -17.3 -12.7837 17.6
4 16 -25.4556 -9.25 25.4556 -17.3 -12.8543 17.3 -17.3 -12.7837 17.6 -21.9168 -9.25 28.5624
3 16 -14.9061 -12.8486 19.4259 -21.9168 -9.25 28.5624 -17.3 -12.7837 17.6
3 71 -17.3 -13 16.595 -16.9704 -13 16.9704 -17.3 -12.8543 17.3
4 16 -19.0416 -13 14.6112 -17.3 -13 16.595 -17.3 -12.8543 17.3 -25.4556 -9.25 25.4556
3 16 -28.5624 -9.25 21.9168 -19.0416 -13 14.6112 -25.4556 -9.25 25.4556
4 16 -30.2 -9.25 19.4627 -31.1235 -9.25 18.0787 -31.0641 -9.2904 17.9354 -30.2 -9.6022 17.4365
4 16 -19.0416 -13 14.6112 -28.5624 -9.25 21.9168 -23.9016 -11.875 13.8 -19.5829 -13 13.8
4 71 -23.9016 -11.875 13.8 -22.516 -12.375 13 -20.1167 -13 13 -19.5829 -13 13.8
3 16 -20.784 -13 12 -20.1167 -13 13 -22.516 -12.375 13
4 71 -28.9 -9.25 21.4109 -30.2 -9.25 19.4627 -30.2 -9.6022 17.4365 -28.9 -10.0713 16.6859
3 71 -31.1235 -9.25 18.0787 -31.176 -9.25 18 -31.0641 -9.2904 17.9354
4 16 -28.5624 -9.25 21.9168 -28.9 -9.25 21.4109 -28.9 -10.0713 16.6859 -23.9016 -11.875 13.8
4 16 -31.7038 -9.25 16.9307 -32.1632 -9.25 16 -30.2 -9.8013 16 -31.2986 -9.3405 17.0986
3 16 -20.784 -13 12 -22.516 -12.375 13 -22.1 -12.8384 10.5
4 71 -31.0641 -9.2904 17.9354 -31.176 -9.25 18 -31.2986 -9.3405 17.0986 -31.008 -9.3249 17.8
3 16 -30.2 -9.6022 17.4365 -31.0641 -9.2904 17.9354 -31.008 -9.3249 17.8
4 71 -22.1 -12.8384 10.5 -23.2 -12.5295 10.5 -23.2 -12.6528 9.61 -22.1736 -13 9.1848
3 71 -22.1 -12.8384 10.5 -22.1736 -13 9.1848 -22.1 -13 9.3339
4 71 -23.9016 -11.875 13.8 -33.2492 -9.25 13.8 -33.2604 -9.25 13.7772 -31.3841 -9.8846 13
3 71 -23.9016 -11.875 13.8 -31.3841 -9.8846 13 -22.516 -12.375 13
4 71 -30.2 -9.6022 17.4365 -30.2 -9.8013 16 -28.9 -10.3466 14.7 -28.9 -10.0713 16.6859
4 71 -28.9 -10.3466 14.7 -30.2 -9.8013 16 -32.1632 -9.25 16 -32.8049 -9.25 14.7
4 16 -31.008 -9.3249 17.8 -31.2986 -9.3405 17.0986 -30.2 -9.8013 16 -30.2 -9.6022 17.4365
4 16 -23.2 -12.5295 10.5 -22.1 -12.8384 10.5 -22.516 -12.375 13 -31.3841 -9.8846 13
3 16 -23.2 -12.6528 9.61 -23.2 -12.5295 10.5 -31.3841 -9.8846 13
3 16 -20.784 -13 12 -22.1 -12.8384 10.5 -22.1 -13 9.3339
3 16 -28.9 -10.0713 16.6859 -28.9 -10.3466 14.7 -23.9016 -11.875 13.8
4 16 -28.9 -10.3466 14.7 -32.8049 -9.25 14.7 -33.2492 -9.25 13.8 -23.9016 -11.875 13.8
3 71 -31.2986 -9.3405 17.0986 -31.176 -9.25 18 -31.7038 -9.25 16.9307
4 16 -34.7724 -9.25 9.3168 -23.2 -12.6528 9.61 -31.3841 -9.8846 13 -33.5239 -9.25 13
3 71 -31.3841 -9.8846 13 -33.2604 -9.25 13.7772 -33.5239 -9.25 13
4 71 -22.1736 -13 9.1848 -23.2 -12.6528 9.61 -23.2 -12.9941 6.2161 -23.1816 -13 6.2112
3 16 -23.2 -12.9941 6.2161 -23.2 -12.6528 9.61 -34.7724 -9.25 9.3168
3 16 -23.2 -12.9941 6.2161 -34.7724 -9.25 9.3168 -35.6904 -9.25 4.698
3 71 -23.1816 -13 6.2112 -23.2 -12.9941 6.2161 -23.2 -13 6.1186
4 16 -23.2 -12.9941 6.2161 -35.6904 -9.25 4.698 -23.7936 -13 3.132 -23.2 -13 6.1186
4 320 -27.8 -11.7796 1.6 -35.8946 -9.25 1.6 -36 -9.25 0 -27.8 -11.8125 0
4 16 -27.8 -11.8125 0 -24 -13 0 -23.7936 -13 3.132 -27.8 -11.7796 1.6
4 16 -35.6904 -9.25 4.698 -35.8946 -9.25 1.6 -27.8 -11.7796 1.6 -23.7936 -13 3.132
4 16 -27.8 -11.8125 0 -27.8 -11.7371 -3.6594 -23.7936 -13 -3.132 -24 -13 0
4 320 -27.8 -11.8125 0 -36 -9.25 0 -35.6904 -9.25 -4.698 -27.8 -11.7371 -3.6594
4 320 -27.8 -11.7371 -3.6594 -35.6904 -9.25 -4.698 -34.7724 -9.25 -9.3168 -27.8 -11.5058 -7.4486
4 16 -23.7936 -13 -3.132 -27.8 -11.7371 -3.6594 -27.8 -11.5058 -7.4486 -23.2 -12.9941 -6.2161
3 16 -23.7936 -13 -3.132 -23.2 -12.9941 -6.2161 -23.2 -13 -6.1186
3 71 -23.1816 -13 -6.2112 -23.2 -13 -6.1186 -23.2 -12.9941 -6.2161
4 320 -27.8 -11.5058 -7.4486 -34.7724 -9.25 -9.3168 -33.2604 -9.25 -13.7772 -27.8 -11.0969 -11.5154
4 71 -23.2 -12.9941 -6.2161 -23.2 -12.6528 -9.61 -22.1736 -13 -9.1848 -23.1816 -13 -6.2112
4 16 -27.8 -11.5058 -7.4486 -27.8 -11.0969 -11.5154 -23.2 -12.6528 -9.61 -23.2 -12.9941 -6.2161
3 320 -20.784 -13 -12 -21.4 -13 -10.752 -21.4 -12.7777 -12.3557
4 16 -21.4 -13 -10.752 -22.1 -13 -9.3339 -22.1 -12.5251 -12.7598 -21.4 -12.7777 -12.3557
4 320 -27.8 -11.0969 -11.5154 -33.2604 -9.25 -13.7772 -31.176 -9.25 -18 -27.8 -10.4682 -16.0508
4 71 -22.1 -13 -9.3339 -22.1736 -13 -9.1848 -23.2 -12.6528 -9.61 -23.2 -12.1282 -13.3949
3 71 -22.1 -12.5251 -12.7598 -22.1 -13 -9.3339 -23.2 -12.1282 -13.3949
4 16 -27.8 -11.0969 -11.5154 -27.8 -10.4682 -16.0508 -23.2 -12.1282 -13.3949 -23.2 -12.6528 -9.61
4 71 -23.2 -12.1282 -13.3949 -23.2 -11.3621 -17.8021 -22.1 -11.7954 -16.958 -22.1 -12.5251 -12.7598
4 320 -21.4 -12.7777 -12.3557 -21.4 -12.0711 -16.4209 -19.0416 -13 -14.6112 -20.784 -13 -12
4 16 -21.4 -12.0711 -16.4209 -21.4 -12.7777 -12.3557 -22.1 -12.5251 -12.7598 -22.1 -11.7954 -16.958
4 320 -28.5624 -9.25 -21.9168 -27.8 -9.5503 -21.3318 -27.8 -10.4682 -16.0508 -31.176 -9.25 -18
4 16 -23.2 -12.1282 -13.3949 -27.8 -10.4682 -16.0508 -27.8 -9.5503 -21.3318 -23.2 -11.3621 -17.8021
4 71 -23.2 -11.3621 -17.8021 -23.2 -10.2469 -23.2 -22.1 -10.733 -22.1 -22.1 -11.7954 -16.958
4 320 -21.4 -12.0711 -16.4209 -21.4 -11.0424 -21.4 -16.9704 -13 -16.9704 -19.0416 -13 -14.6112
4 16 -22.1 -11.7954 -16.958 -22.1 -10.733 -22.1 -21.4 -11.0424 -21.4 -21.4 -12.0711 -16.4209
3 320 -27.8 -9.25 -22.7852 -27.8 -9.5503 -21.3318 -28.5624 -9.25 -21.9168
4 16 -27.8 -9.5503 -21.3318 -27.8 -9.25 -22.7852 -25.4556 -9.25 -25.4556 -23.2 -10.2469 -23.2
3 16 -23.2 -11.3621 -17.8021 -27.8 -9.5503 -21.3318 -23.2 -10.2469 -23.2
4 16 -22.1 -9.25 -28.4016 -21.9168 -9.25 -28.5624 -21.4 -11.0424 -21.4 -22.1 -10.733 -22.1
4 71 -23.2 -10.2469 -23.2 -23.2 -9.25 -27.4359 -22.1 -9.25 -28.4016 -22.1 -10.733 -22.1
3 16 -21.9168 -9.25 -28.5624 -21.4 -9.5153 -27.8889 -21.4 -11.0424 -21.4
3 16 -25.4556 -9.25 -25.4556 -23.2 -9.25 -27.4359 -23.2 -10.2469 -23.2
4 320 -14.6112 -13 -19.0416 -16.9704 -13 -16.9704 -21.4 -11.0424 -21.4 -21.4 -9.5153 -27.8889
3 16 -21.9168 -9.25 -28.5624 -21.4 -9.25 -28.9073 -21.4 -9.5153 -27.8889
4 320 -18 -9.25 -31.176 -12 -13 -20.784 -14.6112 -13 -19.0416 -21.4 -9.5153 -27.8889
3 320 -18 -9.25 -31.176 -21.4 -9.5153 -27.8889 -21.4 -9.25 -28.9073
4 320 -13.7772 -9.25 -33.2604 -12 -10.7012 -28.97 -12 -13 -20.784 -18 -9.25 -31.176
3 16 -12 -10.7012 -28.97 -9.1848 -13 -22.1736 -12 -13 -20.784
4 71 -8.2 -10.5985 -30.6043 -7.4 -11.5645 -27.6185 -7.4 -13 -22.7786 -8.2 -13 -22.5074
3 320 -12 -9.25 -33.8628 -12 -10.7012 -28.97 -13.7772 -9.25 -33.2604
4 16 -9.3168 -9.25 -34.7724 -8.2 -10.5985 -30.6043 -8.2 -13 -22.5074 -9.1848 -13 -22.1736
4 16 -9.1848 -13 -22.1736 -12 -10.7012 -28.97 -12 -9.25 -33.8628 -9.3168 -9.25 -34.7724
3 16 -7.4 -11.5645 -27.6185 -6.2112 -13 -23.1816 -7.4 -13 -22.7786
4 71 -5.4 -11.9381 -26.8 -5.9 -11.9075 -26.8 -5.7693 -11.8021 -27.1693 -5.4 -11.7845 -27.3
4 71 -3.5277 -12.0524 -26.8 -5.4 -11.9381 -26.8 -5.4 -11.7845 -27.3 -3.5936 -11.8947 -27.3
4 71 -5.9 -11.9075 -26.8 -5.4 -11.9381 -26.8 -5.4 -13 -23.3428 -5.9 -13 -23.2435
4 16 -5.4 -11.9381 -26.8 -3.5277 -12.0524 -26.8 -3.132 -13 -23.7936 -5.4 -13 -23.3428
4 71 -5.7693 -11.3532 -28.6307 -5.9 -11.2317 -29 -5.4 -11.2623 -29 -5.4 -11.4159 -28.5
4 71 -3.7515 -11.5165 -28.5 -5.4 -11.4159 -28.5 -5.4 -11.2623 -29 -3.8173 -11.3589 -29
4 71 -5.4 -9.25 -35.5509 -5.4 -11.2623 -29 -5.9 -11.2317 -29 -5.9 -9.25 -35.4515
4 16 -3.8173 -11.3589 -29 -5.4 -11.2623 -29 -5.4 -9.25 -35.5509 -4.698 -9.25 -35.6904
4 16 -5.9 -11.9075 -26.8 -5.9 -11.2317 -29 -5.7693 -11.3532 -28.6307 -5.7693 -11.8021 -27.1693
4 16 -5.7693 -11.8021 -27.1693 -5.7693 -11.3532 -28.6307 -5.4 -11.4159 -28.5 -5.4 -11.7845 -27.3
4 16 -3.5936 -11.8947 -27.3 -5.4 -11.7845 -27.3 -5.4 -11.4159 -28.5 -3.7515 -11.5165 -28.5
4 71 -8.2 -10.5985 -30.6043 -8.2 -9.25 -34.9944 -7.4 -9.25 -35.1534 -7.4 -11.5645 -27.6185
3 16 -9.3168 -9.25 -34.7724 -8.2 -9.25 -34.9944 -8.2 -10.5985 -30.6043
4 16 -7.4 -9.25 -35.1534 -5.9 -9.25 -35.4515 -5.9 -11.2317 -29 -7.4 -11.5645 -27.6185
4 16 -5.9 -13 -23.2435 -6.2112 -13 -23.1816 -7.4 -11.5645 -27.6185 -5.9 -11.9075 -26.8
3 16 -7.4 -11.5645 -27.6185 -5.9 -11.2317 -29 -5.9 -11.9075 -26.8
4 71 0 -11.9688 -27.3 0 -12.125 -26.8 -3.5277 -12.0524 -26.8 -3.5936 -11.8947 -27.3
4 16 -3.5277 -12.0524 -26.8 0 -12.125 -26.8 0 -13 -24 -3.132 -13 -23.7936
4 71 0 -11.4375 -29 0 -11.5938 -28.5 -3.7515 -11.5165 -28.5 -3.8173 -11.3589 -29
4 16 -4.698 -9.25 -35.6904 0 -9.25 -36 0 -11.4375 -29 -3.8173 -11.3589 -29
4 16 0 -11.5938 -28.5 0 -11.9688 -27.3 -3.5936 -11.8947 -27.3 -3.7515 -11.5165 -28.5
4 71 0 -14.1917 17.5 0 -14.1 18 -2.3694 -14.0714 18 -2.3036 -14.1638 17.5
4 16 0 -15.2 12 0 -14.1917 17.5 -2.3036 -14.1638 17.5 -1.566 -15.2 11.8968
4 71 0 -13.88 19.2 0 -13.7883 19.7 -2.5932 -13.757 19.7 -2.5273 -13.8495 19.2
4 16 -2.5932 -13.757 19.7 0 -13.7883 19.7 0 -13 24 -3.132 -13 23.7936
4 16 0 -14.1 18 0 -13.88 19.2 -2.5273 -13.8495 19.2 -2.3694 -14.0714 18
4 71 -4.8229 -13.9835 18 -4.6889 -14.0784 17.5 -2.3036 -14.1638 17.5 -2.3694 -14.0714 18
4 16 -4.6889 -14.0784 17.5 -3.1056 -15.2 11.5908 -1.566 -15.2 11.8968 -2.3036 -14.1638 17.5
4 71 -5.2784 -13.6608 19.7 -5.1444 -13.7557 19.2 -2.5273 -13.8495 19.2 -2.5932 -13.757 19.7
4 71 -5.4 -13 23.3428 -5.9 -13 23.2435 -5.9 -13.2205 22.0201 -5.4 -13.5747 20.154
4 16 -3.132 -13 23.7936 -5.4 -13 23.3428 -5.4 -13.5747 20.154 -5.2784 -13.6608 19.7
3 16 -5.2784 -13.6608 19.7 -2.5932 -13.757 19.7 -3.132 -13 23.7936
4 16 -5.1444 -13.7557 19.2 -4.8229 -13.9835 18 -2.3694 -14.0714 18 -2.5273 -13.8495 19.2
3 16 -5.9 -13 23.2435 -6.2112 -13 23.1816 -5.9 -13.2205 22.0201
4 16 -5.9 -13.2205 22.0201 -6.2112 -13 23.1816 -9.1848 -13 22.1736 -5.9 -13.6242 19.7
4 71 -5.7693 -13.9504 17.8693 -5.9 -14.007 17.5 -5.4 -14.0365 17.5 -5.4 -13.9495 18
4 71 -4.8229 -13.9835 18 -5.4 -13.9495 18 -5.4 -14.0365 17.5 -4.6889 -14.0784 17.5
4 71 -5.4 -14.8131 13.0365 -5.4 -14.0365 17.5 -5.9 -14.007 17.5 -5.9 -14.5736 14.2436
4 16 -4.6889 -14.0784 17.5 -5.4 -14.0365 17.5 -5.4 -14.8131 13.0365 -4.5924 -15.2 11.0868
3 16 -4.6889 -14.0784 17.5 -4.5924 -15.2 11.0868 -3.1056 -15.2 11.5908
4 71 -5.4 -13.6537 19.7 -5.9 -13.6242 19.7 -5.7693 -13.6961 19.3307 -5.4 -13.7407 19.2
4 71 -5.2784 -13.6608 19.7 -5.4 -13.6537 19.7 -5.4 -13.7407 19.2 -5.1444 -13.7557 19.2
4 71 -5.9 -13.2205 22.0201 -5.9 -13.6242 19.7 -5.4 -13.6537 19.7 -5.4 -13.5747 20.154
3 16 -5.4 -13.5747 20.154 -5.4 -13.6537 19.7 -5.2784 -13.6608 19.7
4 16 -5.1444 -13.7557 19.2 -5.4 -13.7407 19.2 -5.4 -13.9495 18 -4.8229 -13.9835 18
4 16 -5.7693 -13.6961 19.3307 -5.7693 -13.9504 17.8693 -5.4 -13.9495 18 -5.4 -13.7407 19.2
4 16 -5.9 -13.6242 19.7 -5.9 -14.007 17.5 -5.7693 -13.9504 17.8693 -5.7693 -13.6961 19.3307
3 16 -5.9 -14.5736 14.2436 -5.9 -14.007 17.5 -9.1848 -13 22.1736
3 16 -9.1848 -13 22.1736 -5.9 -14.007 17.5 -5.9 -13.6242 19.7
3 16 -7.4 -14.4588 14.2 -5.9 -14.5736 14.2436 -9.1848 -13 22.1736
4 71 -5.9 -15.2 10.4414 -5.4 -15.2 10.6882 -5.4 -14.8131 13.0365 -5.9 -14.5736 14.2436
3 16 -4.5924 -15.2 11.0868 -5.4 -14.8131 13.0365 -5.4 -15.2 10.6882
4 71 -7.4 -14.4588 14.2 -10.1 -13.6626 17.7 -10.2194 -13.6529 17.7 -8.1994 -14.3938 14.2
3 71 -8.1994 -14.3938 14.2 -7.4 -14.6867 12.8168 -7.4 -14.4588 14.2
4 16 -5.9 -14.5736 14.2436 -7.4 -14.4588 14.2 -5.9137 -15.2 10.4346 -5.9 -15.2 10.4414
4 16 -7.4 -14.4588 14.2 -7.4 -14.6867 12.8168 -6 -15.2 10.392 -5.9137 -15.2 10.4346
3 71 -12 -13 20.784 -11.8685 -13.0482 20.5563 -10.9 -13.0044 21.3
3 16 -10.9 -13.4033 18.8788 -10.9 -13.0044 21.3 -11.8685 -13.0482 20.5563
4 16 -9.1848 -13 22.1736 -10.1 -13 21.7219 -10.1 -13.6626 17.7 -7.4 -14.4588 14.2
4 71 -10.9 -13.4033 18.8788 -10.2194 -13.6529 17.7 -10.1 -13 21.7219 -10.9 -13.0044 21.3
3 71 -10.9 -13.0044 21.3 -10.1 -13 21.7219 -12 -13 20.784
3 71 -10.1 -13.6626 17.7 -10.1 -13 21.7219 -10.2194 -13.6529 17.7
4 71 -7.4 -14.6867 12.8168 -8.1994 -14.3938 14.2 -8.2 -14.9307 10.6864 -7.4 -15.1716 9.6438
4 71 -11.8685 -13.0482 20.5563 -12 -13 20.784 -14.6112 -13 19.0416 -14.3257 -13.086 18.6695
3 71 -10.2194 -13.6529 17.7 -10.9 -13.5835 17.7 -8.1994 -14.3938 14.2
4 16 -6 -15.2 10.392 -7.4 -14.6867 12.8168 -7.4 -15.1716 9.6438 -7.3056 -15.2 9.5208
3 71 -10.9 -13.5835 17.7 -10.2194 -13.6529 17.7 -10.9 -13.4033 18.8788
4 16 -10.9 -13.4033 18.8788 -11.8685 -13.0482 20.5563 -14.3257 -13.086 18.6695 -10.9 -13.5835 17.7
4 16 -14.3257 -13.086 18.6695 -8.2 -14.9307 10.6864 -8.1994 -14.3938 14.2 -10.9 -13.5835 17.7
4 71 -7.4 -15.1716 9.6438 -8.2 -14.9307 10.6864 -8.2 -15.2 8.7356 -7.4 -15.2 9.4379
3 16 -7.3056 -15.2 9.5208 -7.4 -15.1716 9.6438 -7.4 -15.2 9.4379
4 16 -8.4852 -15.2 8.4852 -8.2 -15.2 8.7356 -8.2 -14.9307 10.6864 -16.5 -13.122 16.5
3 71 -16.5 -13.122 16.5 -16.5 -13.0529 17 -16.9704 -13 16.9704
4 16 -14.3257 -13.086 18.6695 -16.5 -13.0529 17 -16.5 -13.122 16.5 -8.2 -14.9307 10.6864
4 71 -16.5 -13.0529 17 -14.3257 -13.086 18.6695 -14.6112 -13 19.0416 -16.9704 -13 16.9704
3 320 -12 -14.6271 9.208 -12 -14.4705 10.5 -13.6838 -14.238 10.5
4 71 -16.9419 -13.4852 13 -16.5 -13.5462 13 -17.3 -13.3388 13.8 -17.9844 -13.2443 13.8
4 16 -16.5 -13.5462 13 -13.6838 -14.238 10.5 -12 -14.4705 10.5 -16.5 -13.122 16.5
4 71 -16.9704 -13 16.9704 -17.3 -13 16.595 -17.3 -13.3388 13.8 -16.5 -13.5462 13
3 71 -16.5 -13.122 16.5 -16.9704 -13 16.9704 -16.5 -13.5462 13
3 16 -8.4852 -15.2 8.4852 -16.5 -13.122 16.5 -12 -14.4705 10.5
4 16 -8.4852 -15.2 8.4852 -12 -14.4705 10.5 -12 -14.6271 9.208 -9.5208 -15.2 7.3056
3 16 -16.9419 -13.4852 13 -13.6838 -14.238 10.5 -16.5 -13.5462 13
4 16 -19.0416 -13 14.6112 -17.9844 -13.2443 13.8 -17.3 -13.3388 13.8 -17.3 -13 16.595
3 16 -18.186 -13.55 10.5 -13.6838 -14.238 10.5 -16.9419 -13.4852 13
4 320 -13.6838 -14.238 10.5 -18.186 -13.55 10.5 -12 -14.8596 6.9284 -12 -14.6271 9.208
4 16 -9.5208 -15.2 7.3056 -12 -14.6271 9.208 -12 -14.8596 6.9284 -10.392 -15.2 6
4 71 -19.5829 -13 13.8 -20.1167 -13 13 -16.9419 -13.4852 13 -17.9844 -13.2443 13.8
4 16 -16.9419 -13.4852 13 -20.1167 -13 13 -20.784 -13 12 -18.186 -13.55 10.5
3 16 -17.9844 -13.2443 13.8 -19.0416 -13 14.6112 -19.5829 -13 13.8
3 71 -22.1 -13.0146 9.1543 -22.1 -13 9.3339 -22.1736 -13 9.1848
4 320 -18.186 -13.55 10.5 -21.4 -13.0205 10.5 -21.4 -13.1535 8.8644 -12 -15.0188 4.9707
3 320 -12 -14.8596 6.9284 -18.186 -13.55 10.5 -12 -15.0188 4.9707
4 16 -10.392 -15.2 6 -12 -14.8596 6.9284 -12 -15.0188 4.9707 -11.0868 -15.2 4.5924
3 16 -18.186 -13.55 10.5 -20.784 -13 12 -21.4 -13.0205 10.5
3 16 -22.1 -13.0146 9.1543 -21.4 -13.1535 8.8644 -21.4 -13.0205 10.5
4 16 -20.784 -13 12 -22.1 -13 9.3339 -22.1 -13.0146 9.1543 -21.4 -13.0205 10.5
4 16 -21.4 -13.1535 8.8644 -22.1 -13.0146 9.1543 -22.1 -13.2053 5.9214 -21.4 -13.3382 5.7338
4 320 -21.4 -13.3382 5.7338 -12 -15.1223 3.2152 -12 -15.0188 4.9707 -21.4 -13.1535 8.8644
4 16 -11.0868 -15.2 4.5924 -12 -15.0188 4.9707 -12 -15.1223 3.2152 -11.5908 -15.2 3.1056
4 71 -22.1 -13.2053 5.9214 -22.1 -13.0146 9.1543 -22.1736 -13 9.1848 -23.1816 -13 6.2112
4 16 -21.4 -13.3382 5.7338 -22.1 -13.2053 5.9214 -22.1 -13.3132 2.9091 -21.4 -13.4426 2.8169
4 320 -21.4 -13.4426 2.8169 -12 -15.1809 1.5796 -12 -15.1223 3.2152 -21.4 -13.3382 5.7338
4 16 -12 -15.1809 1.5796 -11.8968 -15.2 1.566 -11.5908 -15.2 3.1056 -12 -15.1223 3.2152
4 71 -23.1816 -13 6.2112 -23.2 -13 6.1186 -23.2 -13.1098 3.0539 -22.1 -13.3132 2.9091
3 71 -22.1 -13.2053 5.9214 -23.1816 -13 6.2112 -22.1 -13.3132 2.9091
3 16 -23.7936 -13 3.132 -23.2 -13.1098 3.0539 -23.2 -13 6.1186
4 16 -21.4 -13.4426 2.8169 -22.1 -13.3132 2.9091 -22.1 -13.3483 0 -21.4 -13.4767 0
4 71 -23.2 -13.1467 0 -22.1 -13.3483 0 -22.1 -13.3132 2.9091 -23.2 -13.1098 3.0539
4 320 -21.4 -13.4767 0 -12 -15.2 0 -12 -15.1809 1.5796 -21.4 -13.4426 2.8169
3 16 -11.8968 -15.2 1.566 -12 -15.1809 1.5796 -12 -15.2 0
4 16 -23.2 -13.1467 0 -23.2 -13.1098 3.0539 -23.7936 -13 3.132 -24 -13 0
4 71 -22.1 -13.3132 -2.9091 -22.1 -13.3483 0 -23.2 -13.1467 0 -23.2 -13.1098 -3.0539
3 16 -11.8968 -15.2 -1.566 -12 -15.2 0 -12 -15.1809 -1.5796
4 16 -21.4 -13.4426 -2.8169 -21.4 -13.4767 0 -22.1 -13.3483 0 -22.1 -13.3132 -2.9091
4 16 -23.2 -13.1467 0 -24 -13 0 -23.7936 -13 -3.132 -23.2 -13.1098 -3.0539
4 320 -12 -15.2 0 -21.4 -13.4767 0 -21.4 -13.4426 -2.8169 -12 -15.1809 -1.5796
4 71 -23.2 -13 -6.1186 -23.1816 -13 -6.2112 -22.1 -13.3132 -2.9091 -23.2 -13.1098 -3.0539
4 16 -12 -15.1809 -1.5796 -12 -15.1223 -3.2152 -11.5908 -15.2 -3.1056 -11.8968 -15.2 -1.566
4 16 -22.1 -13.2053 -5.9214 -21.4 -13.3382 -5.7338 -21.4 -13.4426 -2.8169 -22.1 -13.3132 -2.9091
3 16 -23.2 -13 -6.1186 -23.2 -13.1098 -3.0539 -23.7936 -13 -3.132
3 71 -22.1 -13.2053 -5.9214 -22.1 -13.3132 -2.9091 -23.1816 -13 -6.2112
4 320 -12 -15.1809 -1.5796 -21.4 -13.4426 -2.8169 -21.4 -13.3382 -5.7338 -12 -15.1223 -3.2152
4 71 -22.1 -13.2053 -5.9214 -23.1816 -13 -6.2112 -22.1736 -13 -9.1848 -22.1 -13.0146 -9.1543
4 16 -12 -15.1223 -3.2152 -12 -15.0188 -4.9707 -11.0868 -15.2 -4.5924 -11.5908 -15.2 -3.1056
4 16 -22.1 -13.0146 -9.1543 -21.4 -13.1535 -8.8644 -21.4 -13.3382 -5.7338 -22.1 -13.2053 -5.9214
4 320 -12 -15.1223 -3.2152 -21.4 -13.3382 -5.7338 -21.4 -13.1535 -8.8644 -12 -15.0188 -4.9707
4 320 -21.4 -13 -10.752 -20.784 -13 -12 -12 -15.0188 -4.9707 -21.4 -13.1535 -8.8644
4 16 -22.1 -13.0146 -9.1543 -22.1 -13 -9.3339 -21.4 -13 -10.752 -21.4 -13.1535 -8.8644
4 16 -10.392 -15.2 -6 -11.0868 -15.2 -4.5924 -12 -15.0188 -4.9707 -12 -14.8596 -6.9284
3 71 -22.1736 -13 -9.1848 -22.1 -13 -9.3339 -22.1 -13.0146 -9.1543
3 320 -12 -14.8596 -6.9284 -12 -15.0188 -4.9707 -20.784 -13 -12
4 320 -12 -14.8596 -6.9284 -20.784 -13 -12 -19.0416 -13 -14.6112 -12 -14.6271 -9.208
4 16 -9.5208 -15.2 -7.3056 -10.392 -15.2 -6 -12 -14.8596 -6.9284 -12 -14.6271 -9.208
4 320 -12 -14.6271 -9.208 -19.0416 -13 -14.6112 -16.9704 -13 -16.9704 -12 -14.2887 -12
4 16 -8.4852 -15.2 -8.4852 -9.5208 -15.2 -7.3056 -12 -14.6271 -9.208 -12 -14.2887 -12
4 320 -12 -14.2887 -12 -16.9704 -13 -16.9704 -14.6112 -13 -19.0416 -12 -13.7863 -15.6386
4 71 -8.2 -14.9307 -10.6864 -7.4 -15.1716 -9.6438 -7.4 -15.2 -9.4379 -8.2 -15.2 -8.7356
3 16 -7.3056 -15.2 -9.5208 -7.4 -15.2 -9.4379 -7.4 -15.1716 -9.6438
4 16 -8.2 -15.2 -8.7356 -8.4852 -15.2 -8.4852 -12 -14.2887 -12 -12 -13.7863 -15.6386
3 16 -8.2 -14.9307 -10.6864 -8.2 -15.2 -8.7356 -12 -13.7863 -15.6386
4 71 -8.2 -14.9307 -10.6864 -8.2 -14.3933 -14.2024 -7.4 -14.6867 -12.8168 -7.4 -15.1716 -9.6438
4 16 -7.4 -15.1716 -9.6438 -7.4 -14.6867 -12.8168 -6 -15.2 -10.392 -7.3056 -15.2 -9.5208
3 320 -12 -13.7863 -15.6386 -14.6112 -13 -19.0416 -12 -13 -20.784
4 16 -8.2 -14.3933 -14.2024 -8.2 -14.9307 -10.6864 -12 -13.7863 -15.6386 -12 -13 -20.784
4 71 -5.9 -14.5736 -14.2436 -5.4 -14.8131 -13.0365 -5.4 -15.2 -10.6882 -5.9 -15.2 -10.4414
3 16 -4.5924 -15.2 -11.0868 -5.4 -15.2 -10.6882 -5.4 -14.8131 -13.0365
4 71 -8.2 -14.3933 -14.2024 -8.2 -13.4718 -19.7961 -7.4 -13.855 -17.8648 -7.4 -14.6867 -12.8168
4 16 -5.906 -15.2 -10.4384 -6 -15.2 -10.392 -7.4 -14.6867 -12.8168 -7.4 -13.855 -17.8648
4 16 -5.9 -14.5736 -14.2436 -5.9 -15.2 -10.4414 -5.906 -15.2 -10.4384 -7.4 -13.855 -17.8648
4 16 -8.2 -13.4718 -19.7961 -8.2 -14.3933 -14.2024 -12 -13 -20.784 -9.1848 -13 -22.1736
4 16 -5.9 -13.6242 -19.7 -7.4 -13 -22.7786 -6.2112 -13 -23.1816 -5.9 -13.2205 -22.0201
4 71 -5.4 -14.0365 -17.5 -5.9 -14.007 -17.5 -5.7693 -13.9504 -17.8693 -5.4 -13.9495 -18
4 71 -4.6889 -14.0784 -17.5 -5.4 -14.0365 -17.5 -5.4 -13.9495 -18 -4.8229 -13.9835 -18
4 71 -5.9 -14.5736 -14.2436 -5.9 -14.007 -17.5 -5.4 -14.0365 -17.5 -5.4 -14.8131 -13.0365
4 16 -3.1056 -15.2 -11.5908 -4.5924 -15.2 -11.0868 -5.4 -14.8131 -13.0365 -5.4 -14.0365 -17.5
3 16 -5.4 -14.0365 -17.5 -4.6889 -14.0784 -17.5 -3.1056 -15.2 -11.5908
4 71 -5.7693 -13.6961 -19.3307 -5.9 -13.6242 -19.7 -5.4 -13.6537 -19.7 -5.4 -13.7407 -19.2
4 71 -5.1444 -13.7557 -19.2 -5.4 -13.7407 -19.2 -5.4 -13.6537 -19.7 -5.2784 -13.6608 -19.7
4 71 -5.4 -13.5747 -20.154 -5.4 -13.6537 -19.7 -5.9 -13.6242 -19.7 -5.9 -13.2205 -22.0201
3 16 -5.4 -13.6537 -19.7 -5.4 -13.5747 -20.154 -5.2784 -13.6608 -19.7
4 16 -5.9 -14.007 -17.5 -5.9 -13.6242 -19.7 -5.7693 -13.6961 -19.3307 -5.7693 -13.9504 -17.8693
4 16 -5.4 -13.9495 -18 -5.7693 -13.9504 -17.8693 -5.7693 -13.6961 -19.3307 -5.4 -13.7407 -19.2
4 16 -4.8229 -13.9835 -18 -5.4 -13.9495 -18 -5.4 -13.7407 -19.2 -5.1444 -13.7557 -19.2
3 16 -8.2 -13.4718 -19.7961 -9.1848 -13 -22.1736 -8.2 -13 -22.5074
4 71 -8.2 -13.4718 -19.7961 -8.2 -13 -22.5074 -7.4 -13 -22.7786 -7.4 -13.855 -17.8648
4 16 -7.4 -13.855 -17.8648 -7.4 -13 -22.7786 -5.9 -13.6242 -19.7 -5.9 -14.007 -17.5
3 16 -5.9 -14.5736 -14.2436 -7.4 -13.855 -17.8648 -5.9 -14.007 -17.5
4 16 -1.566 -15.2 -11.8968 -3.1056 -15.2 -11.5908 -4.6889 -14.0784 -17.5 -2.3036 -14.1638 -17.5
4 71 -2.3694 -14.0714 -18 -2.3036 -14.1638 -17.5 -4.6889 -14.0784 -17.5 -4.8229 -13.9835 -18
4 71 -2.5932 -13.757 -19.7 -2.5273 -13.8495 -19.2 -5.1444 -13.7557 -19.2 -5.2784 -13.6608 -19.7
4 71 -5.9 -13 -23.2435 -5.4 -13 -23.3428 -5.4 -13.5747 -20.154 -5.9 -13.2205 -22.0201
4 16 -5.2784 -13.6608 -19.7 -5.4 -13.5747 -20.154 -5.4 -13 -23.3428 -3.132 -13 -23.7936
3 16 -5.2784 -13.6608 -19.7 -3.132 -13 -23.7936 -2.5932 -13.757 -19.7
4 16 -2.5273 -13.8495 -19.2 -2.3694 -14.0714 -18 -4.8229 -13.9835 -18 -5.1444 -13.7557 -19.2
3 16 -6.2112 -13 -23.1816 -5.9 -13 -23.2435 -5.9 -13.2205 -22.0201
4 16 0 -15.2 -12 -1.566 -15.2 -11.8968 -2.3036 -14.1638 -17.5 0 -14.1917 -17.5
4 71 0 -14.1 -18 0 -14.1917 -17.5 -2.3036 -14.1638 -17.5 -2.3694 -14.0714 -18
4 71 0 -13.7883 -19.7 0 -13.88 -19.2 -2.5273 -13.8495 -19.2 -2.5932 -13.757 -19.7
4 16 -3.132 -13 -23.7936 0 -13 -24 0 -13.7883 -19.7 -2.5932 -13.757 -19.7
4 16 0 -13.88 -19.2 0 -14.1 -18 -2.3694 -14.0714 -18 -2.5273 -13.8495 -19.2
4 71 0 -15.4533 8.2 0 -15.42 8.7 -1.1452 -15.415 8.7 -1.0794 -15.4486 8.2
4 71 0 -15.96 0.6 0 -15.9267 1.1 -0.1448 -15.926 1.1 -0.079 -15.9597 0.6
4 16 0 -15.9267 1.1 0 -15.4533 8.2 -1.0794 -15.4486 8.2 -0.1448 -15.926 1.1
4 71 0 -15.34 9.9 0 -15.3067 10.4 -1.369 -15.3007 10.4 -1.3032 -15.3343 9.9
4 16 -1.369 -15.3007 10.4 0 -15.3067 10.4 0 -15.2 12 -1.566 -15.2 11.8968
4 16 0 -15.42 8.7 0 -15.34 9.9 -1.3032 -15.3343 9.9 -1.1452 -15.415 8.7
3 16 0 -16 0 0 -15.96 0.6 -0.079 -15.9597 0.6
4 71 -2.331 -15.3995 8.7 -2.1971 -15.434 8.2 -1.0794 -15.4486 8.2 -1.1452 -15.415 8.7
4 71 -0.2947 -15.9241 1.1 -0.1608 -15.9586 0.6 -0.079 -15.9597 0.6 -0.1448 -15.926 1.1
4 16 -2.1971 -15.434 8.2 -0.2947 -15.9241 1.1 -0.1448 -15.926 1.1 -1.0794 -15.4486 8.2
4 71 -2.7865 -15.2822 10.4 -2.6526 -15.3167 9.9 -1.3032 -15.3343 9.9 -1.369 -15.3007 10.4
4 16 -3.1056 -15.2 11.5908 -2.7865 -15.2822 10.4 -1.369 -15.3007 10.4 -1.566 -15.2 11.8968
4 16 -2.6526 -15.3167 9.9 -2.331 -15.3995 8.7 -1.1452 -15.415 8.7 -1.3032 -15.3343 9.9
3 16 0 -16 0 -0.079 -15.9597 0.6 -0.1608 -15.9586 0.6
4 71 -3.6037 -15.3722 8.7 -3.3966 -15.4083 8.2 -2.1971 -15.434 8.2 -2.331 -15.3995 8.7
4 71 -0.4556 -15.9206 1.1 -0.2485 -15.9567 0.6 -0.1608 -15.9586 0.6 -0.2947 -15.9241 1.1
4 16 -3.3966 -15.4083 8.2 -0.4556 -15.9206 1.1 -0.2947 -15.9241 1.1 -2.1971 -15.434 8.2
4 71 -4.3079 -15.2496 10.4 -4.1008 -15.2856 9.9 -2.6526 -15.3167 9.9 -2.7865 -15.2822 10.4
4 16 -4.5924 -15.2 11.0868 -4.3079 -15.2496 10.4 -2.7865 -15.2822 10.4 -3.1056 -15.2 11.5908
4 16 -4.1008 -15.2856 9.9 -3.6037 -15.3722 8.7 -2.331 -15.3995 8.7 -2.6526 -15.3167 9.9
3 16 0 -16 0 -0.1608 -15.9586 0.6 -0.2485 -15.9567 0.6
4 71 -5.0231 -15.3303 8.7 -4.7344 -15.3688 8.2 -3.3966 -15.4083 8.2 -3.6037 -15.3722 8.7
4 71 -0.6351 -15.9153 1.1 -0.3464 -15.9538 0.6 -0.2485 -15.9567 0.6 -0.4556 -15.9206 1.1
4 16 -4.7344 -15.3688 8.2 -0.6351 -15.9153 1.1 -0.4556 -15.9206 1.1 -3.3966 -15.4083 8.2
4 71 -5.4 -15.2173 10.4 -5.9 -15.2025 10.4 -5.7693 -15.2285 10.0307 -5.4 -15.2472 9.9
4 71 -4.3079 -15.2496 10.4 -5.4 -15.2173 10.4 -5.4 -15.2472 9.9 -4.1008 -15.2856 9.9
4 71 -5.9 -15.2025 10.4 -5.4 -15.2173 10.4 -5.4 -15.2 10.6882 -5.9 -15.2 10.4414
4 16 -5.4 -15.2 10.6882 -5.4 -15.2173 10.4 -4.3079 -15.2496 10.4 -4.5924 -15.2 11.0868
4 16 -5.0231 -15.3303 8.7 -3.6037 -15.3722 8.7 -4.1008 -15.2856 9.9 -5.4 -15.2472 9.9
3 16 -5.9 -15.2025 10.4 -5.9 -15.2 10.4414 -5.9137 -15.2 10.4346
4 16 -5.9 -15.2025 10.4 -5.9137 -15.2 10.4346 -6 -15.2 10.392 -5.7693 -15.2285 10.0307
3 16 0 -16 0 -0.2485 -15.9567 0.6 -0.3464 -15.9538 0.6
4 16 -5.0231 -15.3303 8.7 -5.7693 -15.2285 10.0307 -6 -15.2 10.392 -5.4 -15.3163 8.7
3 16 -5.0231 -15.3303 8.7 -5.4 -15.2472 9.9 -5.7693 -15.2285 10.0307
4 71 -5.7693 -15.3099 8.5693 -5.9 -15.3255 8.2 -5.4 -15.3441 8.2 -5.4 -15.3163 8.7
4 71 -5.0231 -15.3303 8.7 -5.4 -15.3163 8.7 -5.4 -15.3441 8.2 -4.7344 -15.3688 8.2
4 71 -0.8441 -15.9076 1.1 -0.4604 -15.9496 0.6 -0.3464 -15.9538 0.6 -0.6351 -15.9153 1.1
4 71 -5.4 -15.4087 7.0374 -5.4 -15.3441 8.2 -5.9 -15.3255 8.2 -5.9 -15.3539 7.689
4 16 -4.7344 -15.3688 8.2 -5.4 -15.3441 8.2 -5.4 -15.4087 7.0374 -0.8441 -15.9076 1.1
3 16 -4.7344 -15.3688 8.2 -0.8441 -15.9076 1.1 -0.6351 -15.9153 1.1
3 16 -0.3464 -15.9538 0.6 -0.4604 -15.9496 0.6 0 -16 0
4 16 -5.9 -15.3539 7.689 -5.9 -15.3255 8.2 -7.3056 -15.2 9.5208 -7.4 -15.3023 7.4
3 16 -5.7693 -15.3099 8.5693 -7.3056 -15.2 9.5208 -5.9 -15.3255 8.2
4 16 -7.3056 -15.2 9.5208 -5.7693 -15.3099 8.5693 -5.4 -15.3163 8.7 -6 -15.2 10.392
4 71 -7.4 -15.2 9.4379 -8.2 -15.2 8.7356 -8.2 -15.2269 8.2 -7.4 -15.3023 7.4
4 71 -1.1 -15.8963 1.1 -0.6 -15.9434 0.6 -0.4604 -15.9496 0.6 -0.8441 -15.9076 1.1
4 71 -5.9 -15.4437 5.9 -5.4 -15.4909 5.4 -5.4 -15.4087 7.0374 -5.9 -15.3539 7.689
4 16 -0.8441 -15.9076 1.1 -5.4 -15.4087 7.0374 -5.4 -15.4909 5.4 -1.1 -15.8963 1.1
3 16 -7.4 -15.2 9.4379 -7.4 -15.3023 7.4 -7.3056 -15.2 9.5208
3 16 -8.4852 -15.2 8.4852 -8.2 -15.2269 8.2 -8.2 -15.2 8.7356
3 16 -0.6 -15.9434 0.6 0 -16 0 -0.4604 -15.9496 0.6
4 16 -5.9 -15.4437 5.9 -5.9 -15.3539 7.689 -7.4 -15.3023 7.4 -7.4 -15.3782 5.6782
4 71 -7.4 -15.3023 7.4 -8.2 -15.2269 8.2 -8.2 -15.311 6.2921 -7.4 -15.3782 5.6782
4 71 -1.4335 -15.8795 1.1 -0.7819 -15.9343 0.6 -0.6 -15.9434 0.6 -1.1 -15.8963 1.1
4 71 -5.9 -15.5042 4.5273 -5.4 -15.5463 4.1436 -5.4 -15.4909 5.4 -5.9 -15.4437 5.9
4 16 -1.1 -15.8963 1.1 -5.4 -15.4909 5.4 -5.4 -15.5463 4.1436 -1.4335 -15.8795 1.1
4 16 -8.4852 -15.2 8.4852 -9.5208 -15.2 7.3056 -8.2 -15.311 6.2921 -8.2 -15.2269 8.2
3 16 0 -16 0 -0.6 -15.9434 0.6 -0.7819 -15.9343 0.6
4 16 -5.9 -15.5042 4.5273 -5.9 -15.4437 5.9 -7.4 -15.3782 5.6782 -7.4 -15.4303 4.2725
4 71 -7.4 -15.3782 5.6782 -8.2 -15.311 6.2921 -8.2 -15.3688 4.7344 -7.4 -15.4303 4.2725
4 71 -1.9052 -15.8533 1.1 -1.0392 -15.92 0.6 -0.7819 -15.9343 0.6 -1.4335 -15.8795 1.1
4 71 -5.9 -15.5458 3.4065 -5.4 -15.5843 3.1178 -5.4 -15.5463 4.1436 -5.9 -15.5042 4.5273
4 16 -1.4335 -15.8795 1.1 -5.4 -15.5463 4.1436 -5.4 -15.5843 3.1178 -1.9052 -15.8533 1.1
4 16 -9.5208 -15.2 7.3056 -10.392 -15.2 6 -8.2 -15.3688 4.7344 -8.2 -15.311 6.2921
3 16 -0.7819 -15.9343 0.6 -1.0392 -15.92 0.6 0 -16 0
4 16 -5.9 -15.5458 3.4065 -5.9 -15.5042 4.5273 -7.4 -15.4303 4.2725 -7.4 -15.466 3.0652
4 71 -7.4 -15.4303 4.2725 -8.2 -15.3688 4.7344 -8.2 -15.4083 3.3966 -7.4 -15.466 3.0652
4 71 -2.6556 -15.8084 1.1 -1.4485 -15.8955 0.6 -1.0392 -15.92 0.6 -1.9052 -15.8533 1.1
4 71 -5.9 -15.5743 2.4439 -5.4 -15.6104 2.2368 -5.4 -15.5843 3.1178 -5.9 -15.5458 3.4065
4 16 -1.9052 -15.8533 1.1 -5.4 -15.5843 3.1178 -5.4 -15.6104 2.2368 -2.6556 -15.8084 1.1
4 16 -10.392 -15.2 6 -11.0868 -15.2 4.5924 -8.2 -15.4083 3.3966 -8.2 -15.3688 4.7344
3 16 -1.4485 -15.8955 0.6 0 -16 0 -1.0392 -15.92 0.6
4 16 -5.9 -15.5743 2.4439 -5.9 -15.5458 3.4065 -7.4 -15.466 3.0652 -7.4 -15.4893 1.9827
4 71 -7.4 -15.466 3.0652 -8.2 -15.4083 3.3966 -8.2 -15.434 2.1971 -7.4 -15.4893 1.9827
4 71 -4.1054 -15.7166 1.1 -2.2393 -15.8454 0.6 -1.4485 -15.8955 0.6 -2.6556 -15.8084 1.1
4 71 -5.9 -15.5928 1.5808 -5.4 -15.6273 1.4469 -5.4 -15.6104 2.2368 -5.9 -15.5743 2.4439
4 16 -2.6556 -15.8084 1.1 -5.4 -15.6104 2.2368 -5.4 -15.6273 1.4469 -4.1054 -15.7166 1.1
4 16 -11.0868 -15.2 4.5924 -11.5908 -15.2 3.1056 -8.2 -15.434 2.1971 -8.2 -15.4083 3.3966
3 16 0 -16 0 -1.4485 -15.8955 0.6 -2.2393 -15.8454 0.6
3 16 -5.9 -15.5928 1.5808 -5.9 -15.5743 2.4439 -7.4 -15.4893 1.9827
4 71 -7.4 -15.4893 1.9827 -8.2 -15.434 2.1971 -8.2 -15.4486 1.0794 -7.4 -15.5024 0.9741
4 71 -4.5582 -15.6935 0.6 -2.2393 -15.8454 0.6 -4.1054 -15.7166 1.1 -5.4 -15.6318 1.1
4 71 -5.9 -15.599 1.1 -5.4 -15.6318 1.1 -5.4 -15.6273 1.4469 -5.9 -15.5928 1.5808
3 16 -4.1054 -15.7166 1.1 -5.4 -15.6273 1.4469 -5.4 -15.6318 1.1
4 16 -8.2 -15.434 2.1971 -11.5908 -15.2 3.1056 -11.8968 -15.2 1.566 -8.2 -15.4486 1.0794
3 16 0 -16 0 -2.2393 -15.8454 0.6 -4.5582 -15.6935 0.6
4 16 -7.4 -15.5024 0.9741 -5.78 -15.6113 0.7608 -5.9 -15.599 1.1 -7.4 -15.4893 1.9827
4 71 -5.78 -15.6113 0.7608 -4.5582 -15.6935 0.6 -5.4 -15.6318 1.1 -5.9 -15.599 1.1
3 16 -5.9 -15.5928 1.5808 -7.4 -15.4893 1.9827 -5.9 -15.599 1.1
4 16 -11.8968 -15.2 1.566 -12 -15.2 0 -8.2 -15.4533 0 -8.2 -15.4486 1.0794
4 71 -7.4 -15.5024 0.9741 -8.2 -15.4486 1.0794 -8.2 -15.4533 0 -7.4 -15.5067 0
4 16 0 -16 0 -4.5582 -15.6935 0.6 -5.4 -15.6374 0.6 -7.4 -15.5067 0
3 16 -5.7693 -15.6122 0.7307 -7.4 -15.5067 0 -5.4 -15.6374 0.6
4 16 -5.78 -15.6113 0.7608 -7.4 -15.5024 0.9741 -7.4 -15.5067 0 -5.7693 -15.6122 0.7307
4 71 -5.78 -15.6113 0.7608 -5.7693 -15.6122 0.7307 -5.4 -15.6374 0.6 -4.5582 -15.6935 0.6
4 16 -8.2 -15.4533 0 -12 -15.2 0 -11.8968 -15.2 -1.566 -8.2 -15.4486 -1.0794
4 71 -5.4 -15.6374 -0.6 -5.7693 -15.6122 -0.7307 -5.78 -15.6113 -0.7608 -5.4 -15.6369 -0.7108
3 71 -5.4 -15.6369 -0.7108 -4.5582 -15.6935 -0.6 -5.4 -15.6374 -0.6
4 71 -7.4 -15.5024 -0.9741 -7.4 -15.5067 0 -8.2 -15.4533 0 -8.2 -15.4486 -1.0794
4 16 -4.5582 -15.6935 -0.6 0 -16 0 -7.4 -15.5067 0 -5.4 -15.6374 -0.6
4 16 -7.4 -15.5024 -0.9741 -5.78 -15.6113 -0.7608 -5.7693 -15.6122 -0.7307 -7.4 -15.5067 0
3 16 -5.7693 -15.6122 -0.7307 -5.4 -15.6374 -0.6 -7.4 -15.5067 0
4 71 -5.78 -15.6113 -0.7608 -5.9 -15.599 -1.1 -5.4 -15.6318 -1.1 -5.4 -15.6369 -0.7108
4 71 -2.2393 -15.8454 -0.6 -4.5582 -15.6935 -0.6 -5.4 -15.6369 -0.7108 -5.4 -15.6318 -1.1
3 71 -4.1054 -15.7166 -1.1 -2.2393 -15.8454 -0.6 -5.4 -15.6318 -1.1
4 71 -5.4 -15.6273 -1.4469 -5.4 -15.6318 -1.1 -5.9 -15.599 -1.1 -5.9 -15.5928 -1.5808
3 16 -5.4 -15.6318 -1.1 -5.4 -15.6273 -1.4469 -4.1054 -15.7166 -1.1
4 71 -8.2 -15.434 -2.1971 -7.4 -15.4893 -1.9827 -7.4 -15.5024 -0.9741 -8.2 -15.4486 -1.0794
4 16 -8.2 -15.434 -2.1971 -8.2 -15.4486 -1.0794 -11.8968 -15.2 -1.566 -11.5908 -15.2 -3.1056
3 16 -4.5582 -15.6935 -0.6 -2.2393 -15.8454 -0.6 0 -16 0
4 16 -7.4 -15.5024 -0.9741 -7.4 -15.4893 -1.9827 -5.9 -15.5928 -1.5808 -5.9 -15.599 -1.1
3 16 -7.4 -15.5024 -0.9741 -5.9 -15.599 -1.1 -5.78 -15.6113 -0.7608
4 71 -2.6556 -15.8084 -1.1 -1.4485 -15.8955 -0.6 -2.2393 -15.8454 -0.6 -4.1054 -15.7166 -1.1
4 71 -5.9 -15.5743 -2.4439 -5.4 -15.6104 -2.2368 -5.4 -15.6273 -1.4469 -5.9 -15.5928 -1.5808
4 16 -5.4 -15.6273 -1.4469 -5.4 -15.6104 -2.2368 -2.6556 -15.8084 -1.1 -4.1054 -15.7166 -1.1
4 71 -8.2 -15.4083 -3.3966 -7.4 -15.466 -3.0652 -7.4 -15.4893 -1.9827 -8.2 -15.434 -2.1971
4 16 -8.2 -15.4083 -3.3966 -8.2 -15.434 -2.1971 -11.5908 -15.2 -3.1056 -11.0868 -15.2 -4.5924
3 16 -2.2393 -15.8454 -0.6 -1.4485 -15.8955 -0.6 0 -16 0
4 16 -7.4 -15.4893 -1.9827 -7.4 -15.466 -3.0652 -5.9 -15.5743 -2.4439 -5.9 -15.5928 -1.5808
4 71 -1.9052 -15.8533 -1.1 -1.0392 -15.92 -0.6 -1.4485 -15.8955 -0.6 -2.6556 -15.8084 -1.1
4 71 -5.9 -15.5458 -3.4065 -5.4 -15.5843 -3.1178 -5.4 -15.6104 -2.2368 -5.9 -15.5743 -2.4439
4 16 -5.4 -15.6104 -2.2368 -5.4 -15.5843 -3.1178 -1.9052 -15.8533 -1.1 -2.6556 -15.8084 -1.1
4 71 -8.2 -15.3688 -4.7344 -7.4 -15.4303 -4.2725 -7.4 -15.466 -3.0652 -8.2 -15.4083 -3.3966
4 16 -8.2 -15.3688 -4.7344 -8.2 -15.4083 -3.3966 -11.0868 -15.2 -4.5924 -10.392 -15.2 -6
3 16 -1.4485 -15.8955 -0.6 -1.0392 -15.92 -0.6 0 -16 0
4 16 -7.4 -15.466 -3.0652 -7.4 -15.4303 -4.2725 -5.9 -15.5458 -3.4065 -5.9 -15.5743 -2.4439
4 71 -1.4335 -15.8795 -1.1 -0.7819 -15.9343 -0.6 -1.0392 -15.92 -0.6 -1.9052 -15.8533 -1.1
4 71 -5.9 -15.5042 -4.5273 -5.4 -15.5463 -4.1436 -5.4 -15.5843 -3.1178 -5.9 -15.5458 -3.4065
4 16 -5.4 -15.5843 -3.1178 -5.4 -15.5463 -4.1436 -1.4335 -15.8795 -1.1 -1.9052 -15.8533 -1.1
4 71 -8.2 -15.311 -6.2921 -7.4 -15.3782 -5.6782 -7.4 -15.4303 -4.2725 -8.2 -15.3688 -4.7344
4 16 -8.2 -15.311 -6.2921 -8.2 -15.3688 -4.7344 -10.392 -15.2 -6 -9.5208 -15.2 -7.3056
3 16 -1.0392 -15.92 -0.6 -0.7819 -15.9343 -0.6 0 -16 0
4 16 -7.4 -15.4303 -4.2725 -7.4 -15.3782 -5.6782 -5.9 -15.5042 -4.5273 -5.9 -15.5458 -3.4065
4 71 -1.1 -15.8963 -1.1 -0.6 -15.9434 -0.6 -0.7819 -15.9343 -0.6 -1.4335 -15.8795 -1.1
4 71 -5.9 -15.4437 -5.9 -5.4 -15.4909 -5.4 -5.4 -15.5463 -4.1436 -5.9 -15.5042 -4.5273
4 16 -5.4 -15.5463 -4.1436 -5.4 -15.4909 -5.4 -1.1 -15.8963 -1.1 -1.4335 -15.8795 -1.1
4 71 -8.2 -15.2269 -8.2 -7.4 -15.3023 -7.4 -7.4 -15.3782 -5.6782 -8.2 -15.311 -6.2921
4 16 -8.2 -15.2269 -8.2 -8.2 -15.311 -6.2921 -9.5208 -15.2 -7.3056 -8.4852 -15.2 -8.4852
3 16 -0.7819 -15.9343 -0.6 -0.6 -15.9434 -0.6 0 -16 0
4 16 -7.4 -15.3782 -5.6782 -7.4 -15.3023 -7.4 -5.9 -15.4437 -5.9 -5.9 -15.5042 -4.5273
4 71 -0.8441 -15.9076 -1.1 -0.4604 -15.9496 -0.6 -0.6 -15.9434 -0.6 -1.1 -15.8963 -1.1
4 71 -5.9 -15.3539 -7.689 -5.4 -15.4087 -7.0374 -5.4 -15.4909 -5.4 -5.9 -15.4437 -5.9
4 16 -5.4 -15.4909 -5.4 -5.4 -15.4087 -7.0374 -0.8441 -15.9076 -1.1 -1.1 -15.8963 -1.1
4 71 -8.2 -15.2 -8.7356 -7.4 -15.2 -9.4379 -7.4 -15.3023 -7.4 -8.2 -15.2269 -8.2
3 16 -8.4852 -15.2 -8.4852 -8.2 -15.2 -8.7356 -8.2 -15.2269 -8.2
3 16 -0.6 -15.9434 -0.6 -0.4604 -15.9496 -0.6 0 -16 0
4 16 -7.4 -15.2 -9.4379 -7.3056 -15.2 -9.5208 -5.9 -15.3539 -7.689 -7.4 -15.3023 -7.4
3 16 -7.4 -15.3023 -7.4 -5.9 -15.3539 -7.689 -5.9 -15.4437 -5.9
4 71 -0.6351 -15.9153 -1.1 -0.3464 -15.9538 -0.6 -0.4604 -15.9496 -0.6 -0.8441 -15.9076 -1.1
4 71 -5.4 -15.3441 -8.2 -5.9 -15.3255 -8.2 -5.7693 -15.3099 -8.5693 -5.4 -15.3163 -8.7
4 71 -4.7344 -15.3688 -8.2 -5.4 -15.3441 -8.2 -5.4 -15.3163 -8.7 -5.0231 -15.3303 -8.7
4 71 -5.9 -15.3255 -8.2 -5.4 -15.3441 -8.2 -5.4 -15.4087 -7.0374 -5.9 -15.3539 -7.689
4 16 -0.6351 -15.9153 -1.1 -0.8441 -15.9076 -1.1 -5.4 -15.4087 -7.0374 -5.4 -15.3441 -8.2
3 16 -5.4 -15.3441 -8.2 -4.7344 -15.3688 -8.2 -0.6351 -15.9153 -1.1
4 16 -5.9 -15.3255 -8.2 -7.3056 -15.2 -9.5208 -6 -15.2 -10.392 -5.7693 -15.3099 -8.5693
3 16 -0.4604 -15.9496 -0.6 -0.3464 -15.9538 -0.6 0 -16 0
4 16 -5.0231 -15.3303 -8.7 -5.4 -15.3163 -8.7 -6 -15.2 -10.392 -5.7693 -15.2285 -10.0307
3 16 -5.7693 -15.3099 -8.5693 -6 -15.2 -10.392 -5.4 -15.3163 -8.7
3 16 -5.9 -15.3539 -7.689 -7.3056 -15.2 -9.5208 -5.9 -15.3255 -8.2
4 71 -5.7693 -15.2285 -10.0307 -5.9 -15.2025 -10.4 -5.4 -15.2173 -10.4 -5.4 -15.2472 -9.9
4 71 -4.1008 -15.2856 -9.9 -5.4 -15.2472 -9.9 -5.4 -15.2173 -10.4 -4.3079 -15.2496 -10.4
4 71 -5.4 -15.2 -10.6882 -5.4 -15.2173 -10.4 -5.9 -15.2025 -10.4 -5.9 -15.2 -10.4414
4 16 -5.4 -15.2173 -10.4 -5.4 -15.2 -10.6882 -4.5924 -15.2 -11.0868 -4.3079 -15.2496 -10.4
4 71 -0.4556 -15.9206 -1.1 -0.2485 -15.9567 -0.6 -0.3464 -15.9538 -0.6 -0.6351 -15.9153 -1.1
4 71 -3.6037 -15.3722 -8.7 -3.3966 -15.4083 -8.2 -4.7344 -15.3688 -8.2 -5.0231 -15.3303 -8.7
4 16 -3.3966 -15.4083 -8.2 -0.4556 -15.9206 -1.1 -0.6351 -15.9153 -1.1 -4.7344 -15.3688 -8.2
4 16 -5.4 -15.2472 -9.9 -4.1008 -15.2856 -9.9 -3.6037 -15.3722 -8.7 -5.0231 -15.3303 -8.7
3 16 -5.9 -15.2025 -10.4 -6 -15.2 -10.392 -5.906 -15.2 -10.4384
3 16 -5.9 -15.2 -10.4414 -5.9 -15.2025 -10.4 -5.906 -15.2 -10.4384
3 16 -0.2485 -15.9567 -0.6 0 -16 0 -0.3464 -15.9538 -0.6
3 16 -5.9 -15.2025 -10.4 -5.7693 -15.2285 -10.0307 -6 -15.2 -10.392
3 16 -5.4 -15.2472 -9.9 -5.0231 -15.3303 -8.7 -5.7693 -15.2285 -10.0307
4 71 -2.7865 -15.2822 -10.4 -2.6526 -15.3167 -9.9 -4.1008 -15.2856 -9.9 -4.3079 -15.2496 -10.4
4 16 -3.1056 -15.2 -11.5908 -2.7865 -15.2822 -10.4 -4.3079 -15.2496 -10.4 -4.5924 -15.2 -11.0868
4 71 -0.2947 -15.9241 -1.1 -0.1608 -15.9586 -0.6 -0.2485 -15.9567 -0.6 -0.4556 -15.9206 -1.1
4 71 -2.331 -15.3995 -8.7 -2.1971 -15.434 -8.2 -3.3966 -15.4083 -8.2 -3.6037 -15.3722 -8.7
4 16 -2.1971 -15.434 -8.2 -0.2947 -15.9241 -1.1 -0.4556 -15.9206 -1.1 -3.3966 -15.4083 -8.2
4 16 -2.6526 -15.3167 -9.9 -2.331 -15.3995 -8.7 -3.6037 -15.3722 -8.7 -4.1008 -15.2856 -9.9
3 16 -0.1608 -15.9586 -0.6 0 -16 0 -0.2485 -15.9567 -0.6
4 71 -1.369 -15.3007 -10.4 -1.3032 -15.3343 -9.9 -2.6526 -15.3167 -9.9 -2.7865 -15.2822 -10.4
4 16 -1.566 -15.2 -11.8968 -1.369 -15.3007 -10.4 -2.7865 -15.2822 -10.4 -3.1056 -15.2 -11.5908
4 71 -0.1448 -15.926 -1.1 -0.079 -15.9597 -0.6 -0.1608 -15.9586 -0.6 -0.2947 -15.9241 -1.1
4 71 -1.1452 -15.415 -8.7 -1.0794 -15.4486 -8.2 -2.1971 -15.434 -8.2 -2.331 -15.3995 -8.7
4 16 -1.0794 -15.4486 -8.2 -0.1448 -15.926 -1.1 -0.2947 -15.9241 -1.1 -2.1971 -15.434 -8.2
4 16 -1.3032 -15.3343 -9.9 -1.1452 -15.415 -8.7 -2.331 -15.3995 -8.7 -2.6526 -15.3167 -9.9
3 16 -0.079 -15.9597 -0.6 0 -16 0 -0.1608 -15.9586 -0.6
4 71 0 -15.3067 -10.4 0 -15.34 -9.9 -1.3032 -15.3343 -9.9 -1.369 -15.3007 -10.4
4 16 -1.566 -15.2 -11.8968 0 -15.2 -12 0 -15.3067 -10.4 -1.369 -15.3007 -10.4
4 71 0 -15.9267 -1.1 0 -15.96 -0.6 -0.079 -15.9597 -0.6 -0.1448 -15.926 -1.1
4 71 0 -15.42 -8.7 0 -15.4533 -8.2 -1.0794 -15.4486 -8.2 -1.1452 -15.415 -8.7
4 16 0 -15.4533 -8.2 0 -15.9267 -1.1 -0.1448 -15.926 -1.1 -1.0794 -15.4486 -8.2
4 16 0 -15.34 -9.9 0 -15.42 -8.7 -1.1452 -15.415 -8.7 -1.3032 -15.3343 -9.9
3 16 0 -15.96 -0.6 0 -16 0 -0.079 -15.9597 -0.6

5 24 0 -0.1 54 0 4 60 7.047 -0.1 53.5356 -7.047 -0.1 53.5356
5 24 -7.047 -0.1 53.5356 -7.83 4 59.484 0 -0.1 54 -13.9752 -0.1 52.1586
5 24 -13.9752 -0.1 52.1586 -15.528 4 57.954 -7.047 -0.1 53.5356 -20.6658 -0.1 49.8906
5 24 -20.6658 -0.1 49.8906 -22.962 4 55.434 -13.9752 -0.1 52.1586 -27 -0.1 46.764
5 24 0 -5.25 45 0 -0.1 54 5.8725 -5.25 44.613 -5.8725 -5.25 44.613
5 24 -5.8725 -5.25 44.613 -7.047 -0.1 53.5356 0 -5.25 45 -11.646 -5.25 43.4655
5 24 -11.646 -5.25 43.4655 -13.9752 -0.1 52.1586 -5.8725 -5.25 44.613 -17.2215 -5.25 41.5755
5 24 -17.2215 -5.25 41.5755 -20.6658 -0.1 49.8906 -11.646 -5.25 43.4655 -22.5 -5.25 38.97
5 24 0 -9.25 36 0 -5.25 45 4.698 -9.25 35.6904 -4.698 -9.25 35.6904
5 24 -4.698 -9.25 35.6904 -5.8725 -5.25 44.613 0 -9.25 36 -9.3168 -9.25 34.7724
5 24 -9.3168 -9.25 34.7724 -11.646 -5.25 43.4655 -4.698 -9.25 35.6904 -13.7772 -9.25 33.2604
5 24 -13.7772 -9.25 33.2604 -17.2215 -5.25 41.5755 -9.3168 -9.25 34.7724 -18 -9.25 31.176
5 24 0 -13 24 0 -9.25 36 3.132 -13 23.7936 -3.132 -13 23.7936
5 24 -3.132 -13 23.7936 -4.698 -9.25 35.6904 0 -13 24 -6.2112 -13 23.1816
5 24 -6.2112 -13 23.1816 -9.3168 -9.25 34.7724 -3.132 -13 23.7936 -9.1848 -13 22.1736
5 24 -9.1848 -13 22.1736 -13.7772 -9.25 33.2604 -6.2112 -13 23.1816 -12 -13 20.784
5 24 0 -15.2 12 0 -13 24 1.566 -15.2 11.8968 -1.566 -15.2 11.8968
5 24 -1.566 -15.2 11.8968 -3.132 -13 23.7936 0 -15.2 12 -3.1056 -15.2 11.5908
5 24 -3.1056 -15.2 11.5908 -6.2112 -13 23.1816 -1.566 -15.2 11.8968 -4.5924 -15.2 11.0868
5 24 -4.5924 -15.2 11.0868 -9.1848 -13 22.1736 -3.1056 -15.2 11.5908 -6 -15.2 10.392
5 24 0 -16 0 0 -15.2 12 1.566 -15.2 11.8968 -1.566 -15.2 11.8968
5 24 0 -0.1 -54 0 4 -60 -7.047 -0.1 -53.5356 7.047 -0.1 -53.5356
5 24 0 -5.25 -45 0 -0.1 -54 -5.8725 -5.25 -44.613 5.8725 -5.25 -44.613
5 24 0 -9.25 -36 0 -5.25 -45 -4.698 -9.25 -35.6904 4.698 -9.25 -35.6904
5 24 0 -13 -24 0 -9.25 -36 -3.132 -13 -23.7936 3.132 -13 -23.7936
5 24 0 -15.2 -12 0 -13 -24 -1.566 -15.2 -11.8968 1.566 -15.2 -11.8968
5 24 0 -16 0 0 -15.2 -12 -1.566 -15.2 -11.8968 1.566 -15.2 -11.8968
5 24 0 -16 0 -1.566 -15.2 11.8968 0 -15.2 12 -3.1056 -15.2 11.5908
5 24 0 -16 0 -3.1056 -15.2 11.5908 -1.566 -15.2 11.8968 -4.5924 -15.2 11.0868
5 24 0 -16 0 -4.5924 -15.2 11.0868 -3.1056 -15.2 11.5908 -6 -15.2 10.392
5 24 -27 -0.1 46.7654 -30 4 51.9615 -20.6649 -0.1 49.8867 -32.8707 -0.1 42.8397
5 24 -32.8707 -0.1 42.8397 -36.523 4 47.5997 -27 -0.1 46.7654 -38.1822 -0.1 38.1831
5 24 -38.1822 -0.1 38.1831 -42.4246 4 42.4256 -32.8707 -0.1 42.8397 -42.8424 -0.1 32.8736
5 24 -42.8424 -0.1 32.8736 -47.6027 4 36.5263 -38.1822 -0.1 38.1831 -46.7647 -0.1 26.9988
5 24 -22.5 -5.25 38.9711 -27 -0.1 46.7654 -17.2208 -5.25 41.5722 -27.3922 -5.25 35.6997
5 24 -27.3922 -5.25 35.6997 -32.8707 -0.1 42.8397 -22.5 -5.25 38.9711 -31.8185 -5.25 31.8192
5 24 -31.8185 -5.25 31.8192 -38.1822 -0.1 38.1831 -27.3922 -5.25 35.6997 -35.702 -5.25 27.3947
5 24 -35.702 -5.25 27.3947 -42.8424 -0.1 32.8736 -31.8185 -5.25 31.8192 -38.9706 -5.25 22.499
5 24 -18 -9.25 31.1769 -22.5 -5.25 38.9711 -13.7766 -9.25 33.2578 -21.9138 -9.25 28.5598
5 24 -21.9138 -9.25 28.5598 -27.3922 -5.25 35.6997 -18 -9.25 31.1769 -25.4548 -9.25 25.4554
5 24 -25.4548 -9.25 25.4554 -31.8185 -5.25 31.8192 -21.9138 -9.25 28.5598 -28.5616 -9.25 21.9158
5 24 -28.5616 -9.25 21.9158 -35.702 -5.25 27.3947 -25.4548 -9.25 25.4554 -31.1765 -9.25 17.9992
5 24 -12 -13 20.7846 -18 -9.25 31.1769 -9.1844 -13 22.1719 -14.6092 -13 19.0399
5 24 -14.6092 -13 19.0399 -21.9138 -9.25 28.5598 -12 -13 20.7846 -16.9699 -13 16.9703
5 24 -16.9699 -13 16.9703 -25.4548 -9.25 25.4554 -14.6092 -13 19.0399 -19.0411 -13 14.6105
5 24 -19.0411 -13 14.6105 -28.5616 -9.25 21.9158 -16.9699 -13 16.9703 -20.7843 -13 11.9995
5 24 -6 -15.2 10.3923 -12 -13 20.7846 -4.5922 -15.2 11.0859 -7.3046 -15.2 9.5199
5 24 -7.3046 -15.2 9.5199 -14.6092 -13 19.0399 -6 -15.2 10.3923 -8.4849 -15.2 8.4851
5 24 -8.4849 -15.2 8.4851 -16.9699 -13 16.9703 -7.3046 -15.2 9.5199 -9.5205 -15.2 7.3053
5 24 -9.5205 -15.2 7.3053 -19.0411 -13 14.6105 -8.4849 -15.2 8.4851 -10.3922 -15.2 5.9997
5 24 0 -16 0 -6 -15.2 10.3923 -4.5922 -15.2 11.0859 -7.3046 -15.2 9.5199
5 24 0 -16 0 -7.3046 -15.2 9.5199 -6 -15.2 10.3923 -8.4849 -15.2 8.4851
5 24 0 -16 0 -8.4849 -15.2 8.4851 -7.3046 -15.2 9.5199 -9.5205 -15.2 7.3053
5 24 0 -16 0 -9.5205 -15.2 7.3053 -8.4849 -15.2 8.4851 -10.3922 -15.2 5.9997
5 24 -46.7654 -0.1 27 -51.9615 4 30 -42.8397 -0.1 32.8707 -49.8867 -0.1 20.6649
5 24 -49.8867 -0.1 20.6649 -55.4297 4 22.961 -46.7654 -0.1 27 -52.1583 -0.1 13.9764
5 24 -52.1583 -0.1 13.9764 -57.9536 4 15.5294 -49.8867 -0.1 20.6649 -53.5394 -0.1 7.0482
5 24 -53.5394 -0.1 7.0482 -59.4883 4 7.8313 -52.1583 -0.1 13.9764 -53.9988 -0.1 -0.0007
5 24 -38.9711 -5.25 22.5 -46.7654 -0.1 27 -35.6997 -5.25 27.3922 -41.5722 -5.25 17.2208
5 24 -41.5722 -5.25 17.2208 -49.8867 -0.1 20.6649 -38.9711 -5.25 22.5 -43.4652 -5.25 11.647
5 24 -43.4652 -5.25 11.647 -52.1583 -0.1 13.9764 -41.5722 -5.25 17.2208 -44.6162 -5.25 5.8735
5 24 -44.6162 -5.25 5.8735 -53.5394 -0.1 7.0482 -43.4652 -5.25 11.647 -44.999 -5.25 -0.0006
5 24 -31.1769 -9.25 18 -38.9711 -5.25 22.5 -28.5598 -9.25 21.9138 -33.2578 -9.25 13.7766
5 24 -33.2578 -9.25 13.7766 -41.5722 -5.25 17.2208 -31.1769 -9.25 18 -34.7722 -9.25 9.3176
5 24 -34.7722 -9.25 9.3176 -43.4652 -5.25 11.647 -33.2578 -9.25 13.7766 -35.693 -9.25 4.6988
5 24 -35.693 -9.25 4.6988 -44.6162 -5.25 5.8735 -34.7722 -9.25 9.3176 -35.9992 -9.25 -0.0005
5 24 -20.7846 -13 12 -31.1769 -9.25 18 -19.0399 -13 14.6092 -22.1719 -13 9.1844
5 24 -22.1719 -13 9.1844 -33.2578 -9.25 13.7766 -20.7846 -13 12 -23.1815 -13 6.2117
5 24 -23.1815 -13 6.2117 -34.7722 -9.25 9.3176 -22.1719 -13 9.1844 -23.7953 -13 3.1325
5 24 -23.7953 -13 3.1325 -35.693 -9.25 4.6988 -23.1815 -13 6.2117 -23.9995 -13 -0.0003
5 24 -10.3923 -15.2 6 -20.7846 -13 12 -9.5199 -15.2 7.3046 -11.0859 -15.2 4.5922
5 24 -11.0859 -15.2 4.5922 -22.1719 -13 9.1844 -10.3923 -15.2 6 -11.5907 -15.2 3.1059
5 24 -11.5907 -15.2 3.1059 -23.1815 -13 6.2117 -11.0859 -15.2 4.5922 -11.8977 -15.2 1.5663
5 24 -11.8977 -15.2 1.5663 -23.7953 -13 3.1325 -11.5907 -15.2 3.1059 -11.9997 -15.2 -0.0002
5 24 0 -16 0 -10.3923 -15.2 6 -9.5199 -15.2 7.3046 -11.0859 -15.2 4.5922
5 24 0 -16 0 -11.0859 -15.2 4.5922 -10.3923 -15.2 6 -11.5907 -15.2 3.1059
5 24 0 -16 0 -11.5907 -15.2 3.1059 -11.0859 -15.2 4.5922 -11.8977 -15.2 1.5663
5 24 0 -16 0 -11.8977 -15.2 1.5663 -11.5907 -15.2 3.1059 -11.9997 -15.2 -0.0002
5 24 -54 -0.1 0 -60 4 0 -53.5356 -0.1 7.047 -53.5356 -0.1 -7.047
5 24 -53.5356 -0.1 -7.047 -59.484 4 -7.83 -54 -0.1 0 -52.1586 -0.1 -13.9752
5 24 -52.1586 -0.1 -13.9752 -57.954 4 -15.528 -53.5356 -0.1 -7.047 -49.8906 -0.1 -20.6658
5 24 -49.8906 -0.1 -20.6658 -55.434 4 -22.962 -52.1586 -0.1 -13.9752 -46.764 -0.1 -27
5 24 -45 -5.25 0 -54 -0.1 0 -44.613 -5.25 5.8725 -44.613 -5.25 -5.8725
5 24 -44.613 -5.25 -5.8725 -53.5356 -0.1 -7.047 -45 -5.25 0 -43.4655 -5.25 -11.646
5 24 -43.4655 -5.25 -11.646 -52.1586 -0.1 -13.9752 -44.613 -5.25 -5.8725 -41.5755 -5.25 -17.2215
5 24 -41.5755 -5.25 -17.2215 -49.8906 -0.1 -20.6658 -43.4655 -5.25 -11.646 -38.97 -5.25 -22.5
5 24 -36 -9.25 0 -45 -5.25 0 -35.6904 -9.25 4.698 -35.6904 -9.25 -4.698
5 24 -35.6904 -9.25 -4.698 -44.613 -5.25 -5.8725 -36 -9.25 0 -34.7724 -9.25 -9.3168
5 24 -34.7724 -9.25 -9.3168 -43.4655 -5.25 -11.646 -35.6904 -9.25 -4.698 -33.2604 -9.25 -13.7772
5 24 -33.2604 -9.25 -13.7772 -41.5755 -5.25 -17.2215 -34.7724 -9.25 -9.3168 -31.176 -9.25 -18
5 24 -24 -13 0 -36 -9.25 0 -23.7936 -13 3.132 -23.7936 -13 -3.132
5 24 -23.7936 -13 -3.132 -35.6904 -9.25 -4.698 -24 -13 0 -23.1816 -13 -6.2112
5 24 -23.1816 -13 -6.2112 -34.7724 -9.25 -9.3168 -23.7936 -13 -3.132 -22.1736 -13 -9.1848
5 24 -22.1736 -13 -9.1848 -33.2604 -9.25 -13.7772 -23.1816 -13 -6.2112 -20.784 -13 -12
5 24 -12 -15.2 0 -24 -13 0 -11.8968 -15.2 1.566 -11.8968 -15.2 -1.566
5 24 -11.8968 -15.2 -1.566 -23.7936 -13 -3.132 -12 -15.2 0 -11.5908 -15.2 -3.1056
5 24 -11.5908 -15.2 -3.1056 -23.1816 -13 -6.2112 -11.8968 -15.2 -1.566 -11.0868 -15.2 -4.5924
5 24 -11.0868 -15.2 -4.5924 -22.1736 -13 -9.1848 -11.5908 -15.2 -3.1056 -10.392 -15.2 -6
5 24 0 -16 0 -12 -15.2 0 -11.8968 -15.2 1.566 -11.8968 -15.2 -1.566
5 24 0 -16 0 -11.8968 -15.2 -1.566 -12 -15.2 0 -11.5908 -15.2 -3.1056
5 24 0 -16 0 -11.5908 -15.2 -3.1056 -11.8968 -15.2 -1.566 -11.0868 -15.2 -4.5924
5 24 0 -16 0 -11.0868 -15.2 -4.5924 -11.5908 -15.2 -3.1056 -10.392 -15.2 -6
5 24 -46.7654 -0.1 -27 -51.9615 4 -30 -49.8867 -0.1 -20.6649 -42.8397 -0.1 -32.8707
5 24 -42.8397 -0.1 -32.8707 -47.5997 4 -36.523 -46.7654 -0.1 -27 -38.1831 -0.1 -38.1822
5 24 -38.1831 -0.1 -38.1822 -42.4256 4 -42.4246 -42.8397 -0.1 -32.8707 -32.8736 -0.1 -42.8424
5 24 -32.8736 -0.1 -42.8424 -36.5263 4 -47.6027 -38.1831 -0.1 -38.1822 -26.9988 -0.1 -46.7647
5 24 -38.9711 -5.25 -22.5 -46.7654 -0.1 -27 -41.5722 -5.25 -17.2208 -35.6997 -5.25 -27.3922
5 24 -35.6997 -5.25 -27.3922 -42.8397 -0.1 -32.8707 -38.9711 -5.25 -22.5 -31.8192 -5.25 -31.8185
5 24 -31.8192 -5.25 -31.8185 -38.1831 -0.1 -38.1822 -35.6997 -5.25 -27.3922 -27.3947 -5.25 -35.702
5 24 -27.3947 -5.25 -35.702 -32.8736 -0.1 -42.8424 -31.8192 -5.25 -31.8185 -22.499 -5.25 -38.9706
5 24 -31.1769 -9.25 -18 -38.9711 -5.25 -22.5 -33.2578 -9.25 -13.7766 -28.5598 -9.25 -21.9138
5 24 -28.5598 -9.25 -21.9138 -35.6997 -5.25 -27.3922 -31.1769 -9.25 -18 -25.4554 -9.25 -25.4548
5 24 -25.4554 -9.25 -25.4548 -31.8192 -5.25 -31.8185 -28.5598 -9.25 -21.9138 -21.9158 -9.25 -28.5616
5 24 -21.9158 -9.25 -28.5616 -27.3947 -5.25 -35.702 -25.4554 -9.25 -25.4548 -17.9992 -9.25 -31.1765
5 24 -20.7846 -13 -12 -31.1769 -9.25 -18 -22.1719 -13 -9.1844 -19.0399 -13 -14.6092
5 24 -19.0399 -13 -14.6092 -28.5598 -9.25 -21.9138 -20.7846 -13 -12 -16.9703 -13 -16.9699
5 24 -16.9703 -13 -16.9699 -25.4554 -9.25 -25.4548 -19.0399 -13 -14.6092 -14.6105 -13 -19.0411
5 24 -14.6105 -13 -19.0411 -21.9158 -9.25 -28.5616 -16.9703 -13 -16.9699 -11.9995 -13 -20.7843
5 24 -10.3923 -15.2 -6 -20.7846 -13 -12 -11.0859 -15.2 -4.5922 -9.5199 -15.2 -7.3046
5 24 -9.5199 -15.2 -7.3046 -19.0399 -13 -14.6092 -10.3923 -15.2 -6 -8.4851 -15.2 -8.4849
5 24 -8.4851 -15.2 -8.4849 -16.9703 -13 -16.9699 -9.5199 -15.2 -7.3046 -7.3053 -15.2 -9.5205
5 24 -7.3053 -15.2 -9.5205 -14.6105 -13 -19.0411 -8.4851 -15.2 -8.4849 -5.9997 -15.2 -10.3922
5 24 0 -16 0 -10.3923 -15.2 -6 -11.0859 -15.2 -4.5922 -9.5199 -15.2 -7.3046
5 24 0 -16 0 -9.5199 -15.2 -7.3046 -10.3923 -15.2 -6 -8.4851 -15.2 -8.4849
5 24 0 -16 0 -8.4851 -15.2 -8.4849 -9.5199 -15.2 -7.3046 -7.3053 -15.2 -9.5205
5 24 0 -16 0 -7.3053 -15.2 -9.5205 -8.4851 -15.2 -8.4849 -5.9997 -15.2 -10.3922
5 24 -27 -0.1 -46.7654 -30 4 -51.9615 -32.8707 -0.1 -42.8397 -20.6649 -0.1 -49.8867
5 24 -20.6649 -0.1 -49.8867 -22.961 4 -55.4297 -27 -0.1 -46.7654 -13.9764 -0.1 -52.1583
5 24 -13.9764 -0.1 -52.1583 -15.5294 4 -57.9536 -20.6649 -0.1 -49.8867 -7.0482 -0.1 -53.5394
5 24 -7.0482 -0.1 -53.5394 -7.8313 4 -59.4883 -13.9764 -0.1 -52.1583 0.0007 -0.1 -53.9988
5 24 -22.5 -5.25 -38.9711 -27 -0.1 -46.7654 -27.3922 -5.25 -35.6997 -17.2208 -5.25 -41.5722
5 24 -17.2208 -5.25 -41.5722 -20.6649 -0.1 -49.8867 -22.5 -5.25 -38.9711 -11.647 -5.25 -43.4652
5 24 -11.647 -5.25 -43.4652 -13.9764 -0.1 -52.1583 -17.2208 -5.25 -41.5722 -5.8735 -5.25 -44.6162
5 24 -5.8735 -5.25 -44.6162 -7.0482 -0.1 -53.5394 -11.647 -5.25 -43.4652 0.0006 -5.25 -44.999
5 24 -18 -9.25 -31.1769 -22.5 -5.25 -38.9711 -21.9138 -9.25 -28.5598 -13.7766 -9.25 -33.2578
5 24 -13.7766 -9.25 -33.2578 -17.2208 -5.25 -41.5722 -18 -9.25 -31.1769 -9.3176 -9.25 -34.7722
5 24 -9.3176 -9.25 -34.7722 -11.647 -5.25 -43.4652 -13.7766 -9.25 -33.2578 -4.6988 -9.25 -35.693
5 24 -4.6988 -9.25 -35.693 -5.8735 -5.25 -44.6162 -9.3176 -9.25 -34.7722 0.0005 -9.25 -35.9992
5 24 -12 -13 -20.7846 -18 -9.25 -31.1769 -14.6092 -13 -19.0399 -9.1844 -13 -22.1719
5 24 -9.1844 -13 -22.1719 -13.7766 -9.25 -33.2578 -12 -13 -20.7846 -6.2117 -13 -23.1815
5 24 -6.2117 -13 -23.1815 -9.3176 -9.25 -34.7722 -9.1844 -13 -22.1719 -3.1325 -13 -23.7953
5 24 -3.1325 -13 -23.7953 -4.6988 -9.25 -35.693 -6.2117 -13 -23.1815 0.0003 -13 -23.9995
5 24 -6 -15.2 -10.3923 -12 -13 -20.7846 -7.3046 -15.2 -9.5199 -4.5922 -15.2 -11.0859
5 24 -4.5922 -15.2 -11.0859 -9.1844 -13 -22.1719 -6 -15.2 -10.3923 -3.1059 -15.2 -11.5907
5 24 -3.1059 -15.2 -11.5907 -6.2117 -13 -23.1815 -4.5922 -15.2 -11.0859 -1.5663 -15.2 -11.8977
5 24 -1.5663 -15.2 -11.8977 -3.1325 -13 -23.7953 -3.1059 -15.2 -11.5907 0.0002 -15.2 -11.9997
5 24 0 -16 0 -6 -15.2 -10.3923 -7.3046 -15.2 -9.5199 -4.5922 -15.2 -11.0859
5 24 0 -16 0 -4.5922 -15.2 -11.0859 -6 -15.2 -10.3923 -3.1059 -15.2 -11.5907
5 24 0 -16 0 -3.1059 -15.2 -11.5907 -4.5922 -15.2 -11.0859 -1.5663 -15.2 -11.8977
5 24 0 -16 0 -1.5663 -15.2 -11.8977 -3.1059 -15.2 -11.5907 0.0002 -15.2 -11.9997
