0 ~Dish  6 x  6 Inverted - No Studs with Handle Rim  1/8 with Handle
0 Name: s\18675s04.dat
0 Author: Gerald Lasser [GeraldLasser]
0 !LDRAW_ORG Subpart UPDATE 2018-02
0 !LICENSE Redistributable under CCAL version 2.0 : see CAreadme.txt

0 BFC CERTIFY CCW

0 !HISTORY 2018-12-08 [PTadmin] Official Update 2018-02

1 16 0 0 0 1 0 0 0 1 0 0 0 1 s\18675s02.dat
2 24 56.438 4 20 55.434 4 22.962
2 24 55.434 4 22.962 54.276 4 25.309
0 // Handle Side Parts
1 16 70 2 20 0 0 6 6 0 0 0 -1 0 2-4disc.dat
1 16 70 2 20 0 0 6 6 0 0 0 -1 0 2-4edge.dat
3 16 48.283 -1.096 20 42.635 -4 20 70 -4 20
3 16 70 -4 20 56.438 4 20 50.116 -0.1 20
3 16 70 -4 20 50.116 -0.1 20 48.283 -1.096 20
4 16 70 8 20 56.438 8 20 56.438 4 20 70 -4 20
2 24 70 -4 20 42.635 -4 20
2 24 42.635 -4 20 48.283 -1.096 20
2 24 48.283 -1.096 20 50.116 -0.1 20
2 24 50.116 -0.1 20 56.438 4 20
2 24 56.438 4 20 56.438 8 20
2 24 56.438 8 20 70 8 20
1 16 70 2 14 0 0 -2 2 0 0 0 1 0 4-4ring2.dat
1 16 70 2 14 0 0 6 6 0 0 0 -1 0 2-4edge.dat
1 16 70 2 14 0 0 -6 6 0 0 0 1 0 2-4ndis.dat
1 16 70 2 14 0 0 4 4 0 0 0 -1 0 4-4edge.dat
2 24 70 -4 14 64 -4 14
2 24 64 -4 14 44.969 -4 14
2 24 60 8 14 64 8 14
2 24 70 8 14 64 8 14
2 24 52.15 -0.1 14 44.969 -4 14
2 24 52.15 -0.1 14 52.251 -0.035 14
2 24 52.251 -0.035 14 58.258 4 14
2 24 60 4 14 60 8 14
2 24 60 4 14 58.258 4 14
3 16 64 2 14 60 8 14 64 8 14
4 16 60 8 14 64 2 14 64 -4 14 60 4 14
4 16 58.258 4 14 60 4 14 64 -4 14 52.251 -0.035 14
3 16 64 -4 14 52.15 -0.1 14 52.251 -0.035 14
3 16 64 -4 14 44.969 -4 14 52.15 -0.1 14
0 // Top
3 16 70 -4 20 42.635 -4 20 43.594 -4 18.057
4 16 44.969 -4 14 64 -4 14 70 -4 20 43.594 -4 18.057
3 16 70 -4 20 64 -4 14 70 -4 14
2 24 42.635 -4 20 43.594 -4 18.057
2 24 43.594 -4 18.057 44.969 -4 14
1 16 70 2 20 0 0 6 6 0 0 0 -6 0 2-4cyli.dat
0 // Handle Base Center 
3 16 59.484 4 7.83 60 4 0 60 4 14
3 16 58.258 4 14 59.484 4 7.83 60 4 14
4 16 60 8 14 60 4 14 60 4 0 60 8 0
2 24 58.258 4 14 59.484 4 7.83
2 24 59.484 4 7.83 60 4 0
2 24 60 8 0 60 8 14
2 24 60 4 0 60 4 14
4 16 70 8 20 70 8 14 64 8 14 56.438 8 20
4 16 60 8 14 57.954 8 15.528 56.438 8 20 64 8 14
3 16 57.954 8 15.528 60 8 14 59.484 8 7.83
3 16 59.484 8 7.83 60 8 14 60 8 0
4 16 56.438 4 20 56.438 8 20 55.434 8 22.962 55.434 4 22.962
2 24 55.434 8 22.962 56.438 8 20


