0 ~Wedge  2 x  6 Double Left with AT-TE Pattern - Pattern
0 Name: s\41748ps1a.dat
0 Author: Damien Roux [Darats]
0 !LDRAW_ORG Subpart UPDATE 2011-02
0 !LICENSE Redistributable under CCAL version 2.0 : see CAreadme.txt

0 BFC CERTIFY CCW

0 !HISTORY 2011-12-29 [PTadmin] Official Update 2011-02

4 16 10 0 -20 -10 0 -20 -10 2 -40 10 2 -40
4 16 9.5 4.6 -53 9.5 6 -60 10 6 -60 10 2 -40
4 16 -10 6 -60 -9.5 6 -60 -9.5 4.6 -53 -10 2 -40
4 16 8.8 4.74 -53.7 -8.8 4.74 -53.7 -8.8 6 -60 8.8 6 -60
4 16 -10 2 -40 -9.5 4.6 -53 9.5 4.6 -53 10 2 -40
4 16 9.5 11.85 -79.5 -5.7 11.85 -79.5 -9.5 12 -80 9.5 12 -80
3 16 -5.7 11.85 -79.5 -7.9 11.85 -79.5 -9.5 12 -80
4 16 -9.5 12 -80 -7.9 11.85 -79.5 -9.5 11.85 -79.5 -10 12 -80
4 16 9.5 11.85 -79.5 9.5 12 -80 10 12 -80 10 6 -60
3 16 10 6 -60 9.5 6 -60 9.5 11.85 -79.5
3 16 -9.5 11.1 -77 -10 12 -80 -9.5 11.85 -79.5
4 16 -10 12 -80 -9.5 11.1 -77 -9.5 9.96 -73.2 -10 6 -60
3 16 -9.5 6 -60 -10 6 -60 -9.5 9.96 -73.2
4 16 -8.8 6 -60 -8.8 9.96 -73.2 -5.7 9.96 -73.2 8.8 6 -60
4 16 8.8 6 -60 -5.7 9.96 -73.2 -5.7 11.64 -78.8 8.8 11.64 -78.8
4 16 9.5 18.96 -97.4 -9.5 18.96 -97.4 -10 20 -100 10 20 -100
4 16 -9.5 12 -80 -10 12 -80 -10 20 -100 -9.5 18.96 -97.4
4 16 9.5 12 -80 9.5 18.96 -97.4 10 20 -100 10 12 -80
4 16 13.7 3.7 -20 29.33 19.33 -20 29.5 19.5 -19 20.4 10.4 -19
3 16 29.5 19.5 -19 29.33 19.33 -20 30 20 -20
3 16 29.5 19.5 -18.2 29.5 19.5 -19 30 20 -20
3 16 19.7 9.7 -18.3 13.7 3.7 -20 20.4 10.4 -19
4 16 10 0 11.25 10 0 -6.75 12.2 2.2 -7.1 12.2 2.2 11.7
4 16 10 0 -9 10 0 -20 12.49 2.49 -20 12.2 2.2 -8.7
4 16 12.2 2.2 13.1 12.2 2.2 11.7 12.6 2.6 16.7 12.5 2.5 16.5
3 16 12.5 2.5 16.5 12 2 15.5 12.2 2.2 13.1
4 16 10 0 13.5 12.2 2.2 13.1 12 2 15.5 10.75 0.75 15.5
3 16 10.25 0.25 16.5 10 0 13.5 10.75 0.75 15.5
4 16 10 0 20 10 0 13.5 10.25 0.25 16.5 10.4 0.4 18.4
3 16 10 0 20 10.4 0.4 18.4 10.4 0.4 19.5
4 16 12.6 2.6 16.7 12 2 17.9 12 2 17.5 12.5 2.5 16.5
4 16 12 2 17.5 12 2 17.9 10.9 0.9 18.4 10.75 0.75 17.5
4 16 10.75 0.75 17.5 10.9 0.9 18.4 10.4 0.4 18.4 10.25 0.25 16.5
4 16 30 20 20 10 0 20 10.4 0.4 19.5 11.3 1.3 19.5
3 16 30 20 20 11.3 1.3 19.5 12.8 2.8 18.8
3 16 30 20 20 12.8 2.8 18.8 13.7 3.7 17.2
4 16 25.4 15.4 -5.7 25 15 -6.8 25 15 -14.3 25.2 15.2 -14.8
4 16 25.4 15.4 -5.7 25.2 15.2 -14.8 26.2 16.2 -15.3 26.2 16.2 -5.4
4 16 26.2 16.2 -5.4 26.2 16.2 -15.3 29.5 19.5 -15.8 29.5 19.5 -5.1
4 16 29.5 19.5 -18.2 29.5 19.5 -16 26.2 16.2 -16 20.8 10.8 -18.2
4 16 20.8 10.8 -18.2 26.2 16.2 -16 24.2 14.2 -16 20.5 10.5 -17.9
3 16 23.2 13.2 -15.2 20.5 10.5 -17.9 24.2 14.2 -16
4 16 20.5 10.5 -4.5 20.5 10.5 -17.9 23.2 13.2 -15.2 23.2 13.2 -6.3
4 16 24.1 14.1 -1.7 20.5 10.5 -4.5 23.2 13.2 -6.3 24.1 14.1 -5.1
3 16 24.1 14.1 -1.7 24.1 14.1 -5.1 26.2 16.2 -4.9
4 16 29.5 19.5 -4.9 29.5 19.5 -1.7 24.1 14.1 -1.7 26.2 16.2 -4.9
4 16 29.5 19.5 -16 29.5 19.5 -18.2 30 20 -20 30 20 -15.9
4 16 30 20 20 13.7 3.7 17.2 23.6 13.6 -0.9 29.5 19.5 -0.9
3 16 13.7 3.7 17.2 19.7 9.7 -4 23.6 13.6 -0.9
4 16 13.7 3.7 -20 19.7 9.7 -18.3 19.7 9.7 -4 13.7 3.7 17.2
4 16 12.49 2.49 -20 12.6 2.6 16.7 12.2 2.2 -7.1 12.2 2.2 -8.7
3 16 12.6 2.6 16.7 12.49 2.49 -20 12.6 2.6 -20
3 16 12.6 2.6 16.7 12.2 2.2 11.7 12.2 2.2 -7.1
3 16 23.11 17.48 -37.48 23.77 18.36 -38.36 23.95 18.35 -37.6
4 16 24.75 19 -37 24.26 19.01 -39.01 25 20 -40 30 20 -20
3 16 24.98 18.91 -35.7 24.75 19 -37 30 20 -20
3 16 24.98 18.91 -35.7 30 20 -20 28.25 18.9 -22.6
3 16 30 20 -20 29.33 19.33 -20 28.25 18.9 -22.6
4 16 22.9 17.09 -36.75 24.75 19 -37 24.98 18.91 -35.7 22.37 16.34 -35.9
3 16 21.45 15.27 -35.27 21.89 15.85 -35.85 22.37 16.34 -35.9
3 16 21.45 15.27 -35.27 22.37 16.34 -35.9 24.98 18.91 -35.7
4 16 12.78 3.705 -23.7 14.32 5.76 -25.76 15.62 5.89 -21.1 13.7 3.7 -20
4 16 13.7 3.7 -20 15.62 5.89 -21.1 28.25 18.9 -22.6 29.33 19.33 -20
3 16 12.49 2.49 -20 10 0 -20 11.92 2.56 -22.56
4 16 11.92 2.56 -22.56 11.95 2.6 -22.6 12.6 2.6 -20 12.49 2.49 -20
4 16 19.94 18.05 -53.75 19.38 17.35 -53.65 18.7 17.34 -56.35 19.27 18.05 -56.41
4 16 23.64 18.37 -40 22.77 17.32 -40 22.53 17.35 -41.05 23.05 18 -41.15
3 16 14.79 7.75 -40 14.78 7.75 -40.05 15.35 8.45 -40.1
3 16 14.79 7.75 -40 15.35 8.45 -40.1 19.09 12.9 -40
3 16 19.09 12.9 -40 15.35 8.45 -40.1 17.7 11.37 -40.45
3 16 19.09 12.9 -40 17.7 11.37 -40.45 19.07 12.9 -40.05
4 16 17.7 11.37 -40.45 15.35 8.45 -40.1 15.19 8.45 -40.75 16.33 10.07 -41.57
3 16 20.25 14.44 -40.45 22.27 16.72 -40 19.09 12.9 -40
3 16 20.25 14.44 -40.45 19.09 12.9 -40 19.07 12.9 -40.05
4 16 21.89 16.75 -41.6 22.27 16.72 -40 20.25 14.44 -40.45 21.05 15.73 -41.57
4 16 21.35 16.6 -43.26 22.88 18 -41.8 21.89 16.75 -41.6 21.05 15.73 -41.57
4 16 20.11 18.05 -53.05 22.88 18 -41.8 21.1 16.89 -45.25 20.35 16.59 -47.24
3 16 22.88 18 -41.8 21.35 16.6 -43.26 21.1 16.89 -45.25
4 16 19.07 16.75 -52.9 20.11 18.05 -53.05 20.35 16.59 -47.24 19.21 15.73 -48.93
4 16 19.07 16.75 -52.9 19.21 15.73 -48.93 17.85 14.44 -50.05 18.17 16.71 -56.34
4 16 17.63 15.73 -55.26 18.17 16.71 -56.34 17.85 14.44 -50.05 16.47 12.9 -50.45
4 16 15.19 9.21 -43.26 16.33 10.07 -41.57 15.19 8.45 -40.75 14.14 7.15 -40.6
4 16 13.78 8.8 -47.55 15.19 9.21 -43.26 14.14 7.15 -40.6 12.6 6.68 -45.19
3 16 15.19 9.21 -43.26 14.44 8.9 -45.25 13.78 8.8 -47.55
3 16 14.44 8.9 -45.25 13.78 8.8 -47.55 14.19 9.2 -47.24
3 16 13.78 8.8 -47.55 14.48 10.06 -48.96 14.49 10.07 -48.93
3 16 13.78 8.8 -47.55 14.49 10.07 -48.93 14.19 9.2 -47.24
3 16 14.48 10.06 -48.96 15.13 11.23 -50.26 15.29 11.36 -50.05
3 16 14.48 10.06 -48.96 15.29 11.36 -50.05 14.49 10.07 -48.93
4 16 17.63 15.73 -55.26 16.47 12.9 -50.45 15.29 11.36 -50.05 15.13 11.23 -50.26
3 16 18.48 17.26 -56.96 19.19 18.545 -58.39 19.11 18.05 -57.05
4 16 17.62 13.09 -46.5 17.18 13.11 -48.3 18.6 14.55 -47.45 18.02 13.5 -46.25
4 16 18.35 13.8 -45.95 18.92 14.85 -47.15 19.8 15.39 -45.45 18.6 13.95 -45.45
4 16 18.71 13.8 -44.5 18.7 13.95 -45.05 19.9 15.39 -45.05 19.9 14.86 -43.25
4 16 18.25 13.1 -44 18.53 13.5 -44.2 19.72 14.55 -42.95 18.75 13.1 -42
4 16 17.52 12.3 -44.25 17.92 12.7 -44 18.42 12.7 -42 16.93 11.25 -43.1
4 16 16.95 11.86 -45.05 17.2 12.01 -44.55 16.61 10.95 -43.4 15.74 10.4 -45.05
4 16 15.64 10.4 -45.45 15.66 10.95 -47.2 16.85 12.01 -45.95 16.85 11.86 -45.45
4 16 15.83 11.25 -47.5 16.84 12.7 -48.3 17.29 12.7 -46.5 17.02 12.3 -46.25
4 16 17.41 13.5 -48.7 17.18 13.11 -48.3 16.84 12.7 -48.3 16.41 12.3 -48.7
4 16 16.41 12.3 -48.7 16.3 12.3 -49.15 17.3 13.51 -49.15 17.41 13.5 -48.7
4 16 15.96 11.85 -49 15.61 11.6 -49.55 16.61 12.9 -49.9 16.3 12.3 -49.15
3 16 17.73 14.16 -49.6 17.7 13.94 -49 17.3 13.51 -49.15
3 16 17.73 14.16 -49.6 17.3 13.51 -49.15 16.61 12.9 -49.9
3 16 17.3 13.51 -49.15 16.3 12.3 -49.15 16.61 12.9 -49.9
4 16 17.7 13.94 -49 17.73 14.16 -49.6 18.99 15.35 -48.55 18.73 14.91 -48.13
4 16 18.6 14.55 -47.45 17.18 13.11 -48.3 17.66 13.78 -48.61 18.56 14.62 -47.83
4 16 15.83 11.25 -47.5 15.69 11.18 -47.83 16.21 12.03 -48.61 16.84 12.7 -48.3
4 16 15.36 10.87 -48.13 14.9 10.45 -48.55 15.61 11.6 -49.55 15.96 11.85 -49
4 16 15.69 11.18 -47.83 15.48 10.8 -47.4 15.17 10.5 -47.65 15.36 10.87 -48.13
3 16 15.48 10.8 -47.4 15.69 11.18 -47.83 15.83 11.25 -47.5
3 16 15.48 10.8 -47.4 15.83 11.25 -47.5 15.66 10.95 -47.2
4 16 14.65 9.7 -47.05 14.9 10.45 -48.55 15.17 10.5 -47.65 15.06 10.14 -46.88
3 16 15.17 10.5 -47.65 14.9 10.45 -48.55 15.36 10.87 -48.13
3 16 16.84 12.7 -48.3 16.21 12.03 -48.61 16.41 12.3 -48.7
3 16 17.18 13.11 -48.3 17.41 13.5 -48.7 17.66 13.78 -48.61
3 16 15.4 10.5 -46.74 15.48 10.8 -47.4 15.66 10.95 -47.2
3 16 15.4 10.5 -46.74 15.66 10.95 -47.2 15.51 10.4 -45.95
3 16 15.64 10.4 -45.45 15.51 10.4 -45.95 15.66 10.95 -47.2
4 16 18.92 14.85 -47.15 18.98 15 -47.4 19.39 15.29 -46.74 19.68 15.4 -45.95
3 16 19.8 15.39 -45.45 18.92 14.85 -47.15 19.68 15.4 -45.95
3 16 19.66 15.66 -46.88 19.17 15.3 -47.65 19.99 16.1 -47.05
3 16 19.99 16.1 -47.05 19.17 15.3 -47.65 18.99 15.35 -48.55
3 16 19.17 15.3 -47.65 18.73 14.91 -48.13 18.99 15.35 -48.55
4 16 19.17 15.3 -47.65 18.98 15 -47.4 18.56 14.62 -47.83 18.73 14.91 -48.13
4 16 18.98 15 -47.4 18.92 14.85 -47.15 18.6 14.55 -47.45 18.56 14.62 -47.83
4 16 14.9 9.45 -45.25 14.65 9.7 -47.05 15.18 10 -45.95 15.54 10 -44.52
3 16 15.18 10 -45.95 14.65 9.7 -47.05 15.06 10.14 -46.88
4 16 15.54 10 -44.52 15.18 10 -45.95 15.64 10.4 -45.45 15.74 10.4 -45.05
4 16 19.99 16.1 -47.05 20.65 16.36 -45.25 20.01 15.8 -45.95 19.66 15.66 -46.88
4 16 20.37 15.8 -44.52 19.9 15.39 -45.05 19.8 15.39 -45.45 20.01 15.8 -45.95
3 16 19.8 15.39 -45.45 19.68 15.4 -45.95 20.01 15.8 -45.95
3 16 20.37 15.8 -44.52 20.03 15.39 -44.52 19.9 15.39 -45.05
3 16 15.64 10.4 -45.45 15.18 10 -45.95 15.51 10.4 -45.95
3 16 15.87 10.4 -44.52 15.54 10 -44.52 15.74 10.4 -45.05
4 16 20.37 15.8 -44.52 20.01 15.8 -45.95 20.65 16.36 -45.25 20.85 16.05 -43.45
3 16 20.85 16.05 -43.45 20.49 15.66 -43.59 20.37 15.8 -44.52
4 16 15.54 10 -44.52 15.88 10.13 -43.59 15.55 9.7 -43.45 14.9 9.45 -45.25
3 16 16.55 10.45 -41.95 15.55 9.7 -43.45 16.38 10.5 -42.82
3 16 16.55 10.45 -41.95 16.38 10.5 -42.82 16.82 10.89 -42.34
4 16 20.85 16.05 -43.45 20.64 15.35 -41.95 20.18 14.92 -42.34 20.38 15.3 -42.82
3 16 20.38 15.3 -42.82 20.49 15.66 -43.59 20.85 16.05 -43.45
3 16 16.38 10.5 -42.82 15.55 9.7 -43.45 15.88 10.13 -43.59
4 16 15.87 10.4 -44.52 15.74 10.4 -45.05 16.61 10.95 -43.4 16.15 10.5 -43.73
3 16 16.57 10.8 -43.07 16.15 10.5 -43.73 16.61 10.95 -43.4
3 16 16.57 10.8 -43.07 16.61 10.95 -43.4 16.99 11.18 -42.64
4 16 19.9 14.86 -43.25 19.9 15.39 -45.05 20.03 15.39 -44.52 20.14 15.29 -43.73
3 16 20.06 14.99 -43.07 19.9 14.86 -43.25 20.14 15.29 -43.73
4 16 20.06 14.99 -43.07 20.38 15.3 -42.82 20.18 14.92 -42.34 19.86 14.62 -42.64
4 16 20.06 14.99 -43.07 19.86 14.62 -42.64 19.72 14.55 -42.95 19.9 14.86 -43.25
4 16 19.58 13.94 -41.47 20.18 14.92 -42.34 20.64 15.35 -41.95 19.93 14.2 -40.95
4 16 16.82 10.89 -42.34 16.38 10.5 -42.82 16.57 10.8 -43.07 16.99 11.18 -42.64
3 16 16.99 11.18 -42.64 16.61 10.95 -43.4 16.93 11.25 -43.1
3 16 16.99 11.18 -42.64 16.93 11.25 -43.1 17.89 12.03 -41.86
4 16 17.84 11.85 -41.47 17.76 11.6 -40.95 16.55 10.45 -41.95 16.82 10.89 -42.34
4 16 17.89 12.03 -41.86 16.93 11.25 -43.1 18.42 12.7 -42 18.14 12.3 -41.77
4 16 19.34 13.77 -41.86 18.75 13.1 -42 19.72 14.55 -42.95 19.86 14.62 -42.64
3 16 18.75 13.1 -42 19.14 13.5 -41.77 18.14 12.3 -41.77
3 16 18.75 13.1 -42 18.14 12.3 -41.77 18.42 12.7 -42
4 16 19.14 13.5 -41.77 19.25 13.5 -41.32 18.25 12.3 -41.32 18.14 12.3 -41.77
4 16 19.58 13.94 -41.47 19.93 14.2 -40.95 18.93 12.9 -40.6 19.25 13.5 -41.32
4 16 17.76 11.6 -40.95 17.84 11.85 -41.47 18.25 12.3 -41.32 18.93 12.9 -40.6
3 16 18.93 12.9 -40.6 18.25 12.3 -41.32 19.25 13.5 -41.32
3 16 19.14 13.5 -41.77 18.75 13.1 -42 19.34 13.77 -41.86
4 16 19.55 19.19 -59.09 20 20 -60 25 20 -40 24.19 19.03 -40
4 16 12.21 5.98 -44.42 13.31 5.97 -40 12.94 5.53 -40 11.97 5.55 -43.95
3 16 12.35 4.82 -40 10 2 -40 11.57 4.83 -43.14
3 16 23.64 18.37 -40 23.05 18 -41.15 22.88 18 -41.8
3 16 23.64 18.37 -40 22.88 18 -41.8 20.11 18.05 -53.05
3 16 20.13 18.51 -54.51 23.64 18.37 -40 20.11 18.05 -53.05
3 16 20.13 18.51 -54.51 20.11 18.05 -53.05 19.94 18.05 -53.75
3 16 20.13 18.51 -54.51 19.94 18.05 -53.75 19.27 18.05 -56.41
3 16 20.13 18.51 -54.51 19.27 18.05 -56.41 19.11 18.05 -57.05
3 16 20.13 18.51 -54.51 19.11 18.05 -57.05 19.19 18.545 -58.39
3 16 18.98 18.57 -60 13.13 14.76 -72.5 14.55 18.74 -78.2
4 16 18.98 18.57 -60 10.86 7.2 -60 10.75 8.1 -62.99 13.13 14.76 -72.5
3 16 20 20 -60 14.91 19.74 -79.62 15 20 -80
4 16 14.77 19.35 -79.07 14.91 19.74 -79.62 20 20 -60 19.42 19.19 -60
3 16 10.32 6.45 -60 10 6 -60 10.28 6.78 -61.12
4 16 10 12 -80 10 20 -100 10.35 19.5 -97.35 10.35 16.2 -89.1
4 16 10.29 14.34 -84.7 10.35 16.2 -89.1 10.69 16.4 -88.25 10.71 15.1 -84.9
3 16 10 12 -80 10.35 16.2 -89.1 10.29 14.34 -84.7
3 16 10.33 12.53 -80 10 12 -80 10.29 14.34 -84.7
4 16 10.35 19.5 -97.35 10 20 -100 15 20 -80 14.83 19.73 -80
4 16 10.72 16.89 -89.35 10.69 18.9 -94.5 11.84 18.44 -88.75 11.14 17.24 -88.55
3 16 11.09 17.14 -88.5 10.72 16.89 -89.35 11.14 17.24 -88.55
4 16 12.46 17.86 -84.8 11.66 17.86 -88 12.01 18.46 -88.1 12.78 18.41 -84.9
4 16 11.23 15.65 -84.2 11.09 17.14 -88.5 11.14 17.24 -88.55 12.28 17.25 -84
3 16 12.01 18.46 -88.1 11.84 18.44 -88.75 10.69 18.9 -94.5
3 16 12.78 18.41 -84.9 12.01 18.46 -88.1 10.69 18.9 -94.5
3 16 12.96 18.4 -84.15 12.78 18.41 -84.9 14.22 18.75 -80
3 16 12.78 18.41 -84.9 10.69 18.9 -94.5 14.22 18.75 -80
4 16 10.88 13.41 -80 10.8 14.8 -83.8 11.23 15.65 -84.2 12.28 17.25 -84
4 16 14.22 18.75 -80 10.88 13.41 -80 12.28 17.25 -84 12.96 18.4 -84.15
3 16 14.83 19.73 -80 14.6 19.36 -80 10.35 19.5 -97.35
4 16 23.64 18.37 -40 23.44 18 -38.7 22.87 17.3 -38.6 22.77 17.32 -40
3 16 23.44 18 -38.7 23.64 18.37 -40 23.77 18.36 -38.36
3 16 23.44 18 -38.7 23.77 18.36 -38.36 23.5 18 -38.05
4 16 22.43 16.7 -37.85 23.5 18 -38.05 23.11 17.48 -37.48 22.35 16.55 -37.35
3 16 23.11 17.48 -37.48 23.5 18 -38.05 23.77 18.36 -38.36
4 16 22.35 16.55 -37.35 21.83 15.85 -36.5 20.48 14.21 -36.3 19.72 13.35 -36.9
4 16 15.64 8.45 -36.85 22.43 16.7 -37.85 22.35 16.55 -37.35 19.72 13.35 -36.9
4 16 15.64 8.45 -36.85 19.72 13.35 -36.9 14.2 6.64 -36.05 14.57 7.15 -36.7
4 16 13.88 6.66 -40 14.29 7.15 -40 14.57 7.15 -36.7 14.2 6.64 -36.05
3 16 14.79 7.75 -40 19.09 12.9 -40 15.58 8.45 -37.5
3 16 14.79 7.75 -40 15.58 8.45 -37.5 15.01 7.75 -37.4
4 16 19.09 12.9 -40 22.43 16.7 -37.85 15.64 8.45 -36.85 15.58 8.45 -37.5
3 16 22.43 16.7 -37.85 19.09 12.9 -40 22.27 16.72 -40
3 16 24.26 19.01 -39.01 24.19 19.03 -40 25 20 -40
4 16 13.41 5.5 -34.1 13.7 5.97 -35.3 19.55 13.08 -36.23 20.32 13.95 -35.65
3 16 21.45 15.27 -35.27 13.41 5.5 -34.1 20.32 13.95 -35.65
3 16 21.45 15.27 -35.27 20.32 13.95 -35.65 21.89 15.85 -35.85
4 16 12.94 5.53 -40 13.31 5.97 -40 13.7 5.97 -35.3 13.41 5.5 -34.1
3 16 12.83 4.8 -34 10 2 -40 12.35 4.82 -40
4 16 10 2 -40 12.83 4.8 -34 13.61 5 -26.7 11.82 2.6 -24.2
3 16 10 0 -20 10 2 -40 11.82 2.6 -24.2
3 16 10 0 -20 11.82 2.6 -24.2 11.92 2.56 -22.56
3 16 13.87 5.2 -25.6 14.28 5.75 -26.1 14.32 5.76 -25.76
3 16 13.87 5.2 -25.6 14.32 5.76 -25.76 12.73 3.7 -24.2
3 16 12.78 3.705 -23.7 12.73 3.7 -24.2 14.32 5.76 -25.76
3 16 11.92 2.56 -22.56 11.82 2.6 -24.2 11.95 2.6 -22.6
4 16 18.09 16.71 -56.9 18.17 16.71 -56.34 17.63 15.73 -55.26 10.85 6.7 -57.55
3 16 12.6 6.68 -45.19 10.85 6.7 -57.55 13.78 8.8 -47.55
3 16 14.48 10.06 -48.96 13.78 8.8 -47.55 10.85 6.7 -57.55
3 16 14.48 10.06 -48.96 10.85 6.7 -57.55 15.13 11.23 -50.26
3 16 15.13 11.23 -50.26 10.85 6.7 -57.55 17.63 15.73 -55.26
3 16 10.84 7.11 -59.65 18.48 17.26 -56.96 18.09 16.71 -56.9
3 16 10.84 7.11 -59.65 18.09 16.71 -56.9 10.85 6.7 -57.55
4 16 10.86 7.2 -60 19.19 18.545 -58.39 18.48 17.26 -56.96 10.84 7.11 -59.65
3 16 19.19 18.545 -58.39 10.86 7.2 -60 18.98 18.57 -60
3 16 19.55 19.19 -59.09 19.42 19.19 -60 20 20 -60
4 16 11.97 5.55 -43.95 10.7 5.6 -53.1 10.32 6 -57.75 12.21 5.98 -44.42
4 16 10 6 -60 10.31 6.41 -59.87 10.32 6 -57.75 10.18 4.85 -53
3 16 10.31 6.41 -59.87 10 6 -60 10.32 6.45 -60
3 16 10.18 4.85 -53 10.32 6 -57.75 10.7 5.6 -53.1
3 16 10 2 -40 10 6 -60 10.18 4.85 -53
3 16 10 2 -40 10.18 4.85 -53 11.57 4.83 -43.14
3 16 10.32 12.46 -79.83 10 12 -80 10.33 12.53 -80
4 16 10.88 13.41 -80 14.55 18.74 -78.2 13.13 14.76 -72.5 10.87 13.26 -79.55
3 16 14.55 18.74 -78.2 10.88 13.41 -80 14.22 18.75 -80
3 16 10.75 8.1 -62.99 10.74 8.74 -65.2 11.16 9.55 -65.65
3 16 10.75 8.1 -62.99 11.16 9.55 -65.65 13.13 14.76 -72.5
3 16 11.16 9.55 -65.65 11.27 11.26 -70.75 13.13 14.76 -72.5
4 16 11.27 11.26 -70.75 10.78 10.74 -71.65 10.87 13.26 -79.55 13.13 14.76 -72.5
3 16 14.91 19.74 -79.62 14.83 19.73 -80 15 20 -80
4 16 14.6 19.36 -80 14.83 19.73 -80 14.91 19.74 -79.62 14.77 19.35 -79.07
4 16 10.29 8.27 -66.01 10.3 9.92 -71.46 10.76 10.4 -70.6 10.7 8.99 -66.25
3 16 10.29 8.27 -66.01 10.28 6.78 -61.12 10 6 -60
3 16 10.29 8.27 -66.01 10 6 -60 10.3 9.92 -71.46
4 16 10 12 -80 10.32 12.46 -79.83 10.3 9.92 -71.46 10 6 -60
4 16 14.14 7.15 -40.6 14.29 7.15 -40 13.88 6.66 -40 12.6 6.68 -45.19
3 16 29.5 19.5 -15.8 29.5 19.5 -16 30 20 -15.9
4 16 29.5 19.5 -5.1 29.5 19.5 -15.8 30 20 -15.9 30 20 -5
3 16 29.5 19.5 -4.9 29.5 19.5 -5.1 30 20 -5
4 16 29.5 19.5 -1.7 29.5 19.5 -4.9 30 20 -5 30 20 -1.4
4 16 29.5 19.5 -0.9 29.5 19.5 -1.7 30 20 -1.4 30 20 20
4 72 14.55 18.74 -78.2 14.22 18.75 -80 14.6 19.36 -80 14.77 19.35 -79.07
4 72 8.8 4.74 -53.7 9.5 4.6 -53 -9.5 4.6 -53 -8.8 4.74 -53.7
4 72 9.5 4.6 -53 8.8 4.74 -53.7 8.8 6 -60 9.5 6 -60
4 72 -8.8 6 -60 -8.8 4.74 -53.7 -9.5 4.6 -53 -9.5 6 -60
4 72 8.8 6 -60 8.8 11.64 -78.8 9.5 11.85 -79.5 9.5 6 -60
4 72 -9.5 9.96 -73.2 -8.8 9.96 -73.2 -8.8 6 -60 -9.5 6 -60
4 72 -5.7 11.85 -79.5 9.5 11.85 -79.5 8.8 11.64 -78.8 -5.7 11.64 -78.8
4 72 -8.8 11.64 -78.8 -6.4 11.64 -78.8 -6.4 10.17 -73.9 -8.8 10.17 -73.9
4 72 20.4 10.4 -19 29.5 19.5 -19 29.5 19.5 -18.2 20.8 10.8 -18.2
4 72 20.8 10.8 -18.2 20.5 10.5 -17.9 19.7 9.7 -18.3 20.4 10.4 -19
4 72 20.5 10.5 -17.9 20.5 10.5 -4.5 19.7 9.7 -4 19.7 9.7 -18.3
4 72 19.7 9.7 -4 20.5 10.5 -4.5 24.1 14.1 -1.7 23.6 13.6 -0.9
4 72 23.6 13.6 -0.9 24.1 14.1 -1.7 29.5 19.5 -1.7 29.5 19.5 -0.9
4 72 26.2 16.2 -16 29.5 19.5 -16 29.5 19.5 -15.8 26.2 16.2 -15.3
4 72 29.5 19.5 -5.1 29.5 19.5 -4.9 26.2 16.2 -4.9 26.2 16.2 -5.4
4 72 26.2 16.2 -15.3 25.2 15.2 -14.8 24.2 14.2 -16 26.2 16.2 -16
4 72 25.2 15.2 -14.8 25 15 -14.3 23.2 13.2 -15.2 24.2 14.2 -16
4 72 25 15 -14.3 25 15 -6.8 23.2 13.2 -6.3 23.2 13.2 -15.2
4 72 25 15 -6.8 25.4 15.4 -5.7 24.1 14.1 -5.1 23.2 13.2 -6.3
4 72 25.4 15.4 -5.7 26.2 16.2 -5.4 26.2 16.2 -4.9 24.1 14.1 -5.1
4 72 13.7 3.7 -20 13.7 3.7 17.2 12.6 2.6 16.7 12.6 2.6 -20
4 72 10.9 0.9 18.4 11.3 1.3 19.5 10.4 0.4 19.5 10.4 0.4 18.4
4 72 11.3 1.3 19.5 10.9 0.9 18.4 12 2 17.9 12.8 2.8 18.8
4 72 12.8 2.8 18.8 12 2 17.9 12.6 2.6 16.7 13.7 3.7 17.2
4 72 10 0 -7.25 10 0 -8.5 11.8 1.8 -8.3 11.8 1.8 -7.5
4 72 11.8 1.8 12.7 10 0 13 10 0 11.75 11.8 1.8 12.1
4 72 11.75 1.75 16 12 2 16.5 10.75 0.75 16.5 11 1 16
4 72 12 2 16.5 11.75 1.75 17 11 1 17 10.75 0.75 16.5
4 72 12.78 3.705 -23.7 13.7 3.7 -20 12.6 2.6 -20 11.95 2.6 -22.6
3 72 22.37 16.34 -35.9 21.89 15.85 -35.85 22.11 16.15 -36.15
3 72 22.37 16.34 -35.9 22.11 16.15 -36.15 22.7 16.93 -36.93
3 72 22.37 16.34 -35.9 22.7 16.93 -36.93 22.9 17.09 -36.75
4 72 23.95 18.35 -37.6 22.9 17.09 -36.75 22.7 16.93 -36.93 23.11 17.48 -37.48
3 72 22.9 17.09 -36.75 23.95 18.35 -37.6 24.75 19 -37
4 72 26.93 18 -24.3 26.45 17.5 -24.2 25.8 17.5 -26.82 26.29 18.02 -26.91
4 72 16.55 7.96 -25.64 17.32 8.09 -23.1 16.75 7.49 -22.98 15.97 7.36 -25.54
4 72 25.19 17 -27.22 26.11 17 -23.57 17.32 8.09 -23.1 16.55 7.96 -25.64
4 72 25.19 17 -27.22 16.55 7.96 -25.64 16.36 7.91 -26.19 24.52 18.3 -35.1
3 72 17.51 8.13 -22.5 17.32 8.09 -23.1 26.11 17 -23.57
3 72 27.5 18.3 -23.2 26.11 17 -23.57 27.1 18.04 -23.76
3 72 16.15 6.6 -21.8 16.38 6.96 -22.32 17.51 8.13 -22.5
3 72 16.15 6.6 -21.8 17.51 8.13 -22.5 26.11 17 -23.57
3 72 16.15 6.6 -21.8 26.11 17 -23.57 27.5 18.3 -23.2
4 72 16.15 6.6 -21.8 14.83 6.44 -26.44 15.34 6.84 -26 16.38 6.96 -22.32
3 72 24.52 18.3 -35.1 27.5 18.3 -23.2 26.29 18.02 -26.91
3 72 24.52 18.3 -35.1 26.29 18.02 -26.91 26.15 18 -27.4
3 72 26.93 18 -24.3 26.29 18.02 -26.91 27.5 18.3 -23.2
3 72 26.93 18 -24.3 27.5 18.3 -23.2 27.1 18.04 -23.76
4 72 16.36 7.91 -26.19 15.34 6.84 -26 14.83 6.44 -26.44 24.52 18.3 -35.1
3 72 25.19 17 -27.22 24.52 18.3 -35.1 26.15 18 -27.4
3 72 14.83 6.44 -26.44 20.99 14.65 -34.65 24.52 18.3 -35.1
4 72 23.77 18.36 -38.36 24.26 19.01 -39.01 24.75 19 -37 23.95 18.35 -37.6
4 72 11.97 5.55 -43.95 12.94 5.53 -40 12.35 4.82 -40 11.57 4.83 -43.14
4 72 12.6 6.68 -45.19 13.88 6.66 -40 13.31 5.97 -40 12.21 5.98 -44.42
4 72 20.13 18.51 -54.51 19.55 19.19 -59.09 24.19 19.03 -40 23.64 18.37 -40
3 72 20.13 18.51 -54.51 19.19 18.545 -58.39 19.55 19.19 -59.09
4 72 10.75 8.1 -62.99 10.86 7.2 -60 10.32 6.45 -60 10.28 6.78 -61.12
4 72 14.77 19.35 -79.07 19.42 19.19 -60 18.98 18.57 -60 14.55 18.74 -78.2
4 72 10.88 13.41 -80 10.33 12.53 -80 10.29 14.34 -84.7 10.8 14.8 -83.8
4 72 10.8 14.8 -83.8 10.29 14.34 -84.7 10.71 15.1 -84.9 11.23 15.65 -84.2
4 72 11.23 15.65 -84.2 10.71 15.1 -84.9 10.69 16.4 -88.25 11.09 17.14 -88.5
4 72 11.09 17.14 -88.5 10.69 16.4 -88.25 10.35 16.2 -89.1 10.72 16.89 -89.35
4 72 10.69 18.9 -94.5 10.72 16.89 -89.35 10.35 16.2 -89.1 10.35 19.5 -97.35
4 72 14.6 19.36 -80 14.22 18.75 -80 10.69 18.9 -94.5 10.35 19.5 -97.35
4 72 12.78 3.705 -23.7 11.95 2.6 -22.6 11.82 2.6 -24.2 12.73 3.7 -24.2
4 72 12.73 3.7 -24.2 11.82 2.6 -24.2 13.61 5 -26.7 13.87 5.2 -25.6
4 72 13.87 5.2 -25.6 13.61 5 -26.7 14.18 5.71 -26.99 14.28 5.75 -26.1
4 72 14.18 5.71 -26.99 13.61 5 -26.7 12.83 4.8 -34 13.41 5.5 -34.1
4 72 12.94 5.53 -40 13.41 5.5 -34.1 12.83 4.8 -34 12.35 4.82 -40
4 72 19.72 13.35 -36.9 19.55 13.08 -36.23 13.7 5.97 -35.3 14.2 6.64 -36.05
4 72 19.72 13.35 -36.9 20.48 14.21 -36.3 20.32 13.95 -35.65 19.55 13.08 -36.23
4 72 21.83 15.85 -36.5 21.89 15.85 -35.85 20.32 13.95 -35.65 20.48 14.21 -36.3
3 72 21.89 15.85 -35.85 21.83 15.85 -36.5 22.11 16.15 -36.15
4 72 22.7 16.93 -36.93 22.11 16.15 -36.15 21.83 15.85 -36.5 22.35 16.55 -37.35
4 72 13.88 6.66 -40 14.2 6.64 -36.05 13.7 5.97 -35.3 13.31 5.97 -40
3 72 22.7 16.93 -36.93 22.35 16.55 -37.35 23.11 17.48 -37.48
4 72 15.35 7.7 -32.8 15.65 7.77 -29.93 15.18 7.2 -29.85 14.82 7.06 -32.73
3 72 14.82 6.71 -29.24 14.83 6.44 -26.44 14.03 6.2 -33.6
3 72 14.82 6.71 -29.24 14.03 6.2 -33.6 14.38 6.57 -33.18
3 72 14.83 6.44 -26.44 14.82 6.71 -29.24 15.72 7.8 -29.41
3 72 15.35 7.7 -32.8 15.3 7.7 -33.4 20.99 14.65 -34.65
3 72 15.35 7.7 -32.8 20.99 14.65 -34.65 15.65 7.77 -29.93
3 72 15.72 7.8 -29.41 15.65 7.77 -29.93 20.99 14.65 -34.65
3 72 14.83 6.44 -26.44 15.72 7.8 -29.41 20.99 14.65 -34.65
3 72 15.3 7.7 -33.4 14.03 6.2 -33.6 20.99 14.65 -34.65
3 72 14.38 6.57 -33.18 14.03 6.2 -33.6 15.3 7.7 -33.4
4 72 23.77 18.36 -38.36 23.64 18.37 -40 24.19 19.03 -40 24.26 19.01 -39.01
4 72 11.97 5.55 -43.95 11.57 4.83 -43.14 10.18 4.85 -53 10.7 5.6 -53.1
4 72 12.6 6.68 -45.19 12.21 5.98 -44.42 10.32 6 -57.75 10.85 6.7 -57.55
4 72 10.85 6.7 -57.55 10.32 6 -57.75 10.31 6.41 -59.87 10.84 7.11 -59.65
4 72 10.32 6.45 -60 10.86 7.2 -60 10.84 7.11 -59.65 10.31 6.41 -59.87
4 72 19.55 19.19 -59.09 19.19 18.545 -58.39 18.98 18.57 -60 19.42 19.19 -60
4 72 10.74 8.74 -65.2 10.29 8.27 -66.01 10.7 8.99 -66.25 11.16 9.55 -65.65
4 72 11.16 9.55 -65.65 10.7 8.99 -66.25 10.76 10.4 -70.6 11.27 11.26 -70.75
4 72 11.27 11.26 -70.75 10.76 10.4 -70.6 10.3 9.92 -71.46 10.78 10.74 -71.65
4 72 10.78 10.74 -71.65 10.3 9.92 -71.46 10.32 12.46 -79.83 10.87 13.26 -79.55
4 72 10.88 13.41 -80 10.87 13.26 -79.55 10.32 12.46 -79.83 10.33 12.53 -80
4 72 10.28 6.78 -61.12 10.29 8.27 -66.01 10.74 8.74 -65.2 10.75 8.1 -62.99
3 0 18.17 16.71 -56.34 18.09 16.71 -56.9 18.48 17.26 -56.96
4 0 -8.8 10.17 -73.9 -9.5 11.1 -77 -9.5 11.85 -79.5 -8.8 11.64 -78.8
4 0 -9.5 11.1 -77 -8.8 10.17 -73.9 -8.8 9.96 -73.2 -9.5 9.96 -73.2
4 0 -8.8 10.17 -73.9 -6.4 10.17 -73.9 -5.7 9.96 -73.2 -8.8 9.96 -73.2
4 0 -5.7 11.64 -78.8 -5.7 9.96 -73.2 -6.4 10.17 -73.9 -6.4 11.64 -78.8
4 0 -6.4 11.64 -78.8 -7.9 11.85 -79.5 -5.7 11.85 -79.5 -5.7 11.64 -78.8
4 0 -9.5 11.85 -79.5 -7.9 11.85 -79.5 -6.4 11.64 -78.8 -8.8 11.64 -78.8
4 0 11.8 1.8 -8.3 10 0 -8.5 10 0 -9 12.2 2.2 -8.7
4 0 11.8 1.8 -7.5 12.2 2.2 -7.1 10 0 -6.75 10 0 -7.25
4 0 11.8 1.8 -7.5 11.8 1.8 -8.3 12.2 2.2 -8.7 12.2 2.2 -7.1
4 0 11.8 1.8 12.1 10 0 11.75 10 0 11.25 12.2 2.2 11.7
4 0 11.8 1.8 12.7 12.2 2.2 13.1 10 0 13.5 10 0 13
4 0 12.2 2.2 13.1 11.8 1.8 12.7 11.8 1.8 12.1 12.2 2.2 11.7
4 0 10.75 0.75 15.5 11 1 16 10.75 0.75 16.5 10.25 0.25 16.5
4 0 10.25 0.25 16.5 10.75 0.75 16.5 11 1 17 10.75 0.75 17.5
4 0 11 1 16 10.75 0.75 15.5 12 2 15.5 11.75 1.75 16
4 0 11.75 1.75 16 12 2 15.5 12.5 2.5 16.5 12 2 16.5
4 0 12.5 2.5 16.5 12 2 17.5 11.75 1.75 17 12 2 16.5
4 0 12 2 17.5 10.75 0.75 17.5 11 1 17 11.75 1.75 17
4 0 27.5 18.3 -23.2 28.25 18.9 -22.6 15.62 5.89 -21.1 16.15 6.6 -21.8
4 0 28.25 18.9 -22.6 27.5 18.3 -23.2 24.52 18.3 -35.1 24.98 18.91 -35.7
4 0 14.32 5.76 -25.76 14.83 6.44 -26.44 16.15 6.6 -21.8 15.62 5.89 -21.1
4 0 21.45 15.27 -35.27 24.98 18.91 -35.7 24.52 18.3 -35.1 20.99 14.65 -34.65
3 0 26.29 18.02 -26.91 25.8 17.5 -26.82 26.15 18 -27.4
3 0 25.8 17.5 -26.82 25.19 17 -27.22 26.15 18 -27.4
4 0 25.8 17.5 -26.82 26.45 17.5 -24.2 26.11 17 -23.57 25.19 17 -27.22
4 0 26.11 17 -23.57 26.45 17.5 -24.2 26.93 18 -24.3 27.1 18.04 -23.76
4 0 15.97 7.36 -25.54 15.34 6.84 -26 16.36 7.91 -26.19 16.55 7.96 -25.64
4 0 15.97 7.36 -25.54 16.75 7.49 -22.98 16.38 6.96 -22.32 15.34 6.84 -26
4 0 17.51 8.13 -22.5 16.38 6.96 -22.32 16.75 7.49 -22.98 17.32 8.09 -23.1
4 0 22.88 18 -41.8 23.05 18 -41.15 22.53 17.35 -41.05 21.89 16.75 -41.6
4 0 22.27 16.72 -40 21.89 16.75 -41.6 22.53 17.35 -41.05 22.77 17.32 -40
3 0 14.29 7.15 -40 14.14 7.15 -40.6 14.78 7.75 -40.05
3 0 14.29 7.15 -40 14.78 7.75 -40.05 14.79 7.75 -40
4 0 14.78 7.75 -40.05 14.14 7.15 -40.6 15.19 8.45 -40.75 15.35 8.45 -40.1
4 0 18.7 17.34 -56.35 18.48 17.26 -56.96 19.11 18.05 -57.05 19.27 18.05 -56.41
4 0 18.17 16.71 -56.34 18.48 17.26 -56.96 18.7 17.34 -56.35 19.38 17.35 -53.65
3 0 19.07 16.75 -52.9 18.17 16.71 -56.34 19.38 17.35 -53.65
4 0 19.07 16.75 -52.9 19.38 17.35 -53.65 19.94 18.05 -53.75 20.11 18.05 -53.05
4 0 17.85 14.44 -50.05 17.73 14.16 -49.6 16.61 12.9 -49.9 16.47 12.9 -50.45
4 0 19.21 15.73 -48.93 18.99 15.35 -48.55 17.73 14.16 -49.6 17.85 14.44 -50.05
4 0 19.21 15.73 -48.93 20.35 16.59 -47.24 19.99 16.1 -47.05 18.99 15.35 -48.55
4 0 20.35 16.59 -47.24 21.1 16.89 -45.25 20.65 16.36 -45.25 19.99 16.1 -47.05
4 0 21.1 16.89 -45.25 21.35 16.6 -43.26 20.85 16.05 -43.45 20.65 16.36 -45.25
4 0 21.35 16.6 -43.26 21.05 15.73 -41.57 20.64 15.35 -41.95 20.85 16.05 -43.45
4 0 20.25 14.44 -40.45 19.93 14.2 -40.95 20.64 15.35 -41.95 21.05 15.73 -41.57
4 0 18.93 12.9 -40.6 19.93 14.2 -40.95 20.25 14.44 -40.45 19.07 12.9 -40.05
4 0 17.76 11.6 -40.95 18.93 12.9 -40.6 19.07 12.9 -40.05 17.7 11.37 -40.45
4 0 17.76 11.6 -40.95 17.7 11.37 -40.45 16.33 10.07 -41.57 16.55 10.45 -41.95
4 0 15.55 9.7 -43.45 16.55 10.45 -41.95 16.33 10.07 -41.57 15.19 9.21 -43.26
4 0 14.9 9.45 -45.25 15.55 9.7 -43.45 15.19 9.21 -43.26 14.44 8.9 -45.25
4 0 14.9 9.45 -45.25 14.44 8.9 -45.25 14.19 9.2 -47.24 14.65 9.7 -47.05
4 0 14.49 10.07 -48.93 14.9 10.45 -48.55 14.65 9.7 -47.05 14.19 9.2 -47.24
4 0 15.29 11.36 -50.05 15.61 11.6 -49.55 14.9 10.45 -48.55 14.49 10.07 -48.93
4 0 16.47 12.9 -50.45 16.61 12.9 -49.9 15.61 11.6 -49.55 15.29 11.36 -50.05
4 0 16.85 11.86 -45.45 16.85 12.01 -45.95 17.77 12.9 -45.25 16.95 11.86 -45.05
3 0 17.77 12.9 -45.25 17.02 12.3 -46.25 17.29 12.7 -46.5
3 0 17.77 12.9 -45.25 17.29 12.7 -46.5 17.62 13.09 -46.5
3 0 17.77 12.9 -45.25 17.62 13.09 -46.5 18.02 13.5 -46.25
3 0 17.77 12.9 -45.25 18.02 13.5 -46.25 18.35 13.8 -45.95
4 0 17.77 12.9 -45.25 18.35 13.8 -45.95 18.6 13.95 -45.45 18.7 13.95 -45.05
4 0 17.77 12.9 -45.25 18.7 13.95 -45.05 18.71 13.8 -44.5 18.53 13.5 -44.2
4 0 17.77 12.9 -45.25 18.53 13.5 -44.2 18.25 13.1 -44 17.92 12.7 -44
4 0 17.77 12.9 -45.25 17.92 12.7 -44 17.52 12.3 -44.25 17.2 12.01 -44.55
3 0 17.2 12.01 -44.55 16.95 11.86 -45.05 17.77 12.9 -45.25
4 0 17.29 12.7 -46.5 16.84 12.7 -48.3 17.18 13.11 -48.3 17.62 13.09 -46.5
4 0 18.35 13.8 -45.95 18.02 13.5 -46.25 18.6 14.55 -47.45 18.92 14.85 -47.15
4 0 18.7 13.95 -45.05 18.6 13.95 -45.45 19.8 15.39 -45.45 19.9 15.39 -45.05
4 0 18.53 13.5 -44.2 18.71 13.8 -44.5 19.9 14.86 -43.25 19.72 14.55 -42.95
4 0 17.92 12.7 -44 18.25 13.1 -44 18.75 13.1 -42 18.42 12.7 -42
4 0 17.2 12.01 -44.55 17.52 12.3 -44.25 16.93 11.25 -43.1 16.61 10.95 -43.4
4 0 16.85 11.86 -45.45 16.95 11.86 -45.05 15.74 10.4 -45.05 15.64 10.4 -45.45
4 0 17.02 12.3 -46.25 16.85 12.01 -45.95 15.66 10.95 -47.2 15.83 11.25 -47.5
3 0 17.77 12.9 -45.25 16.85 12.01 -45.95 17.02 12.3 -46.25
4 0 15.96 11.85 -49 16.3 12.3 -49.15 16.41 12.3 -48.7 16.21 12.03 -48.61
4 0 16.21 12.03 -48.61 15.69 11.18 -47.83 15.36 10.87 -48.13 15.96 11.85 -49
4 0 15.06 10.14 -46.88 15.17 10.5 -47.65 15.48 10.8 -47.4 15.4 10.5 -46.74
4 0 15.4 10.5 -46.74 15.51 10.4 -45.95 15.18 10 -45.95 15.06 10.14 -46.88
4 0 17.89 12.03 -41.86 18.14 12.3 -41.77 18.25 12.3 -41.32 17.84 11.85 -41.47
4 0 17.84 11.85 -41.47 16.82 10.89 -42.34 16.99 11.18 -42.64 17.89 12.03 -41.86
4 0 16.15 10.5 -43.73 16.57 10.8 -43.07 16.38 10.5 -42.82 15.88 10.13 -43.59
4 0 15.88 10.13 -43.59 15.54 10 -44.52 15.87 10.4 -44.52 16.15 10.5 -43.73
3 0 17.7 13.94 -49 17.66 13.78 -48.61 17.41 13.5 -48.7
3 0 17.7 13.94 -49 17.41 13.5 -48.7 17.3 13.51 -49.15
4 0 17.7 13.94 -49 18.73 14.91 -48.13 18.56 14.62 -47.83 17.66 13.78 -48.61
4 0 19.39 15.29 -46.74 18.98 15 -47.4 19.17 15.3 -47.65 19.66 15.66 -46.88
4 0 19.66 15.66 -46.88 20.01 15.8 -45.95 19.68 15.4 -45.95 19.39 15.29 -46.74
4 0 19.58 13.94 -41.47 19.25 13.5 -41.32 19.14 13.5 -41.77 19.34 13.77 -41.86
4 0 19.34 13.77 -41.86 19.86 14.62 -42.64 20.18 14.92 -42.34 19.58 13.94 -41.47
4 0 20.49 15.66 -43.59 20.38 15.3 -42.82 20.06 14.99 -43.07 20.14 15.29 -43.73
4 0 20.14 15.29 -43.73 20.03 15.39 -44.52 20.37 15.8 -44.52 20.49 15.66 -43.59
4 0 11.14 17.24 -88.55 11.84 18.44 -88.75 12.01 18.46 -88.1 11.66 17.86 -88
4 0 11.66 17.86 -88 12.46 17.86 -84.8 12.28 17.25 -84 11.14 17.24 -88.55
4 0 12.28 17.25 -84 12.46 17.86 -84.8 12.78 18.41 -84.9 12.96 18.4 -84.15
3 0 14.32 5.76 -25.76 14.28 5.75 -26.1 14.83 6.44 -26.44
3 0 14.28 5.75 -26.1 14.03 6.2 -33.6 14.83 6.44 -26.44
3 0 14.03 6.2 -33.6 14.28 5.75 -26.1 14.18 5.71 -26.99
3 0 14.03 6.2 -33.6 14.18 5.71 -26.99 13.41 5.5 -34.1
4 0 21.45 15.27 -35.27 20.99 14.65 -34.65 14.03 6.2 -33.6 13.41 5.5 -34.1
4 0 14.82 7.06 -32.73 15.18 7.2 -29.85 14.82 6.71 -29.24 14.38 6.57 -33.18
4 0 14.82 7.06 -32.73 14.38 6.57 -33.18 15.3 7.7 -33.4 15.35 7.7 -32.8
4 0 15.18 7.2 -29.85 15.65 7.77 -29.93 15.72 7.8 -29.41 14.82 6.71 -29.24
4 0 22.27 16.72 -40 22.77 17.32 -40 22.87 17.3 -38.6 22.43 16.7 -37.85
4 0 22.43 16.7 -37.85 22.87 17.3 -38.6 23.44 18 -38.7 23.5 18 -38.05
4 0 14.29 7.15 -40 14.79 7.75 -40 15.01 7.75 -37.4 14.57 7.15 -36.7
4 0 14.57 7.15 -36.7 15.01 7.75 -37.4 15.58 8.45 -37.5 15.64 8.45 -36.85
4 320 -9.5 18.96 -97.4 9.5 18.96 -97.4 9.5 12 -80 -9.5 12 -80
