0 Baseplate 32 x 32 Raised with Ramp, Pit and Stairs with Grey Stones Pattern
0 Name: 6092p01.dat
0 Author: Alex Taylor [anathema]
0 !LDRAW_ORG Unofficial_Part
0 !LICENSE Redistributable under CCAL version 2.0 : see CAreadme.txt

0 BFC CERTIFY CCW

0 !KEYWORDS Pharaoh, Tomb, Sphinx
0 !KEYWORDS Adventurer, driveway

1 16 0 0 0 1 0 0 0 1 0 0 0 1 s\6092s01.dat

0 !TEXMAP START PLANAR -262 0 260 294 0 260 -262 0 -320 6092p01top.png
1 16 0 0 0 1 0 0 0 1 0 0 0 1 s\6092s02.dat
0 !TEXMAP END

0 !TEXMAP START PLANAR -200 -48 -286.667  -40 -48 -286.667  -200 0 -300 6092p01wall1.png
3 16 -200 -48 -286.667 -200 -24 -293.334 -40 -48 -286.667
4 16 -200 -24 -293.334 -200 0 -300 -40 0 -300 -40 -48 -286.667
0 !TEXMAP END

0 !TEXMAP START PLANAR -280 -72 170  -280 -72 -30  -300 0 170 6092p01wall2.png
3 16 -280.67 -69.505 35 -300 0 200 -286.667 -48 35
4 16 -280 -72 35 -280 -72 200 -300 0 200 -280.67 -69.505 35
4 16 -293.334 -24 -200 -286.667 -48 35 -300 0 200 -300 0 -200
0 !TEXMAP END

0 !TEXMAP START PLANAR -253.341 -94 359.407  -359.407 -94 253.341  -267.478 -18 373.544 6092p01wall3.png
1 16 -200 0 200 0 0 -20 0 -72 0 20 0 0 48\1-4con4.dat
0 !TEXMAP END

0 !TEXMAP START PLANAR 369.446 -82 242.167  242.167 -82 369.446  383.583 -8 256.304 6092p01wall4.png
1 16 200 0 200 20 0 0 0 -72 0 0 0 20 48\1-4con4.dat
4 16 200 0 300 -200 0 300 -200 -72 280 200 -72 280
0 !TEXMAP END

0 !TEXMAP START PLANAR 0 -73 146  0 -73 208  0 -6 146 6092p01wall5.png
1 16 280.67 -69.591 155 0 -.96352 -.66911 0 .26764 -2.4088 -2.5 0 0 1-4disc.dat
4 16 300 0 200 280 -72 200 280 -72 155 280.67 -69.591 155
4 16 280.67 -69.591 152.5 293.333 -24 150 300 0 200 280.67 -69.591 155
0 !TEXMAP END

0 !TEXMAP START PLANAR 257 -74 0  292.5 -74 0  257 -24 0 6092p01wall6.png
1 16 260 -69.591 155 0 -.15595 0 -2.4088 0 0 0 0 -2.5 1-4cyls.dat
1 16 280 -69.591 155 0 -20 0 0 0 -2.4088 -2.5 0 0 1-4cyli.dat
1 16 280 -69.591 155 0 .66911 0 -2.4088 0 0 0 0 -2.5 1-4cyls.dat
4 16 257.5 -32 150.5 260 -32 150.5 280.669 -69.591 152.5 259.844 -69.591 152.5
4 16 280.669 -69.591 152.5 260 -32 150.5 260 -24 150 293.333 -24 150
0 !TEXMAP END

0 !TEXMAP START PLANAR 130 -74 0  174.5 -74 0  130 -30 0 6092p01wall7.png
1 16 180 -69.505 155 0 -62.006 0 -2.49513 0 0 0 0 -2.5 1-4cyli.dat
3 16 180 -69.505 152.5 117.994 -69.505 152.505 180 -32 150.5
4 16 180 -32 150.5 117.994 -69.505 152.505 121 -24 150 180 -24 150
0 !TEXMAP END

0 !TEXMAP START PLANAR 0 -45 91  0 -45 229  0 0 91 6092p01pit1side1.png
0 BFC INVERTNEXT
1 16 -129 -64 229 -6 9 0 0 64 0 0 -9 6 1-8con0.dat
0 BFC INVERTNEXT
1 16 -129 -64 91 -6 9 0 0 64 0 0 9 -6 1-8con0.dat
4 16 -135 -64 229 -135 -64 91 -120 0 100 -120 0 220
0 !TEXMAP END

0 !TEXMAP START PLANAR -129 -45 0  49 -45 0  -129 0 0 6092p01pit1side2.png
0 BFC INVERTNEXT
1 16 -128.999 -64 229 0 8.99998 -6 0 64 0 6 -8.99998 0 1-8con0.dat
0 BFC INVERTNEXT
1 16 49 -64 229 0 -8.99998 6 0 64 0 6 -8.99998 0 1-8con0.dat
4 16 49 -64 235 -129 -64 235 -120 0 220 40 0 220
0 !TEXMAP END

0 !TEXMAP START PLANAR 0 -45 229  0 -45 91  0 0 229 6092p01pit1side3.png
0 BFC INVERTNEXT
1 16 49 -64 229 6 -9 0 0 64 0 0 -9 6 1-8con0.dat
0 BFC INVERTNEXT
1 16 49 -64 91 6 -9 0 0 64 0 0 9 -6 1-8con0.dat
4 16 55 -64 229 40 0 220 40 0 100 55 -64 91
0 !TEXMAP END

0 !TEXMAP START PLANAR 49 -38 0  -129 -38 0  49 0 0 6092p01pit1side4.png
0 BFC INVERTNEXT
1 16 49 -64 91 0 -8.99998 6 0 64 0 -6 8.99998 0 1-8con0.dat
0 BFC INVERTNEXT
1 16 -129 -64 91 0 8.99998 -6 0 64 0 -6 8.99998 0 1-8con0.dat
4 16 49 -64 85 40 0 100 -120 0 100 -129 -64 85
0 !TEXMAP END

0 !TEXMAP START PLANAR 0 -20 -160  0 -20 -80  0 0 -160 6092p01pit2side1.png
4 16 -220 0 -160 -220 0 -80 -230 -40 -80 -230 -40 -160
0 !TEXMAP END

0 !TEXMAP START PLANAR -160 -40 0  -132 -40 0  -160 0 0 6092p01pit2side2.png
0 BFC INVERTNEXT
1 16 -140 -40 -20 0 -5 5 0 40 0 5 -5 0 1-8con1.dat
4 16 -140 -40 -10 -160 -40 -10 -160 0 -20 -145 0 -20
0 !TEXMAP END

0 !TEXMAP START PLANAR 0 -40 -12  0 -40 -138  0 0 -12 6092p01pit2side3.png
0 BFC INVERTNEXT
1 16 -140 -40 -20 5 -5 0 0 40 0 0 -5 5 1-8con1.dat
1 16 -130 0 -130 -5 5 0 0 -40 0 0 5 -5 1-8con1.dat
4 16 -130 -40 -20 -140 0 -25 -140 0 -130 -130 -40 -125
0 !TEXMAP END

0 !TEXMAP START PLANAR -137 -40 0  -12 -40 0  -137 0 0 6092p01pit2side4.png
0 BFC INVERTNEXT
1 16 -20 -40 -140 0 -5 5 0 40 0 5 -5 0 1-8con1.dat
1 16 -130 0 -130 0 5 -5 0 -40 0 -5 5 0 1-8con1.dat
4 16 -20 -40 -130 -125 -40 -130 -130 0 -140 -25 0 -140
0 !TEXMAP END

0 !TEXMAP START PLANAR 0 -40 -129  0 -40 -160  0 0 -129 6092p01pit2side5.png
0 BFC INVERTNEXT
1 16 -20 -40 -140 5 -5 0 0 40 0 0 -5 5 1-8con1.dat
4 16 -10 -40 -140 -20 0 -145 -20 0 -160 -10 -40 -160
0 !TEXMAP END

0 !TEXMAP START PLANAR -80 -20 0  -160 -20 0  -80 0 0 6092p01pit2side6.png
4 16 -160 0 -220 -160 -40 -230 -80 -40 -230 -80 0 -220
0 !TEXMAP END

0 !TEXMAP START PLANAR -125 -10 -190  -190 -10 -125  -125 0 -190 6092p01pit2corner1.png
0 BFC INVERTNEXT
1 16 -160 -40 -160 -10 0 0 0 40 0 0 0 -10 48\1-4con6.dat
0 !TEXMAP END

0 !TEXMAP START PLANAR -195 -40 -115  -125 -40 -45  -195 0 -115 6092p01pit2corner2.png
0 BFC INVERTNEXT
1 16 -160 -40 -80 0 0 -10 0 40 0 10 0 0 48\1-4con6.dat
0 !TEXMAP END

0 !TEXMAP START PLANAR -45 -40 -125  -115 -40 -195  -45 0 -125 6092p01pit2corner3.png
0 BFC INVERTNEXT
1 16 -80 -40 -160 0 0 10 0 40 0 -10 0 0 48\1-4con6.dat
0 !TEXMAP END

0 // Upper pit sides
4 16 60 -72 240 -140 -72 240 -140 -64 240 60 -64 240
4 16 60 -72 80 60 -72 240 60 -64 240 60 -64 80
4 16 -140 -72 80 -140 -64 80 -140 -64 240 -140 -72 240
4 16 60 -72 80 60 -64 80 -140 -64 80 -140 -72 80

0 // Lower pit sides
0 BFC INVERTNEXT
1 16 -160 -48 -160 -80 0 0 0 8 0 0 0 -80 48\1-4cyli.dat
0 BFC INVERTNEXT
1 16 -80 -48 -160 80 0 0 0 8 0 0 0 -80 48\1-4cyli.dat
0 BFC INVERTNEXT
1 16 -160 -48 -80 0 0 -80 0 8 0 80 0 0 48\1-4cyli.dat
4 16 -240 -48 -160 -240 -40 -160 -240 -40 -80 -240 -48 -80
4 16 -120 -48 -120 -120 -40 -120 0 -40 -120 0 -48 -120
4 16 -120 -48 -120 -120 -48 0 -120 -40 0 -120 -40 -120
4 16 -120 -48 0 -160 -48 0 -160 -40 0 -120 -40 0
4 16 -160 -48 -240 -80 -48 -240 -80 -40 -240 -160 -40 -240
4 16 0 -48 -120 0 -40 -120 0 -40 -160 0 -48 -160

0 // Stair sides
1 16 -259.844 -69.505 35 0 -.99805 -.15595 0 .06238 -2.49513 -2.5 0 0 1-4disc.dat
1 16 180 -69.505 155 0 .15595 0 -2.49513 0 0 0 0 -2.5 1-4cyls.dat
1 16 180.156 -69.505 155 0 -.99805 -.15595 0 .06238 -2.49513 -2.5 0 0 1-4disc.dat
1 16 259.844 -69.505 155 0 .99805 .15595 0 .06238 -2.49513 -2.5 0 0 1-4disc.dat
3 16 -182 -56 58 -183 -48 57.771 -183 -48 57
3 16 65 -40 -80 61.666 -40 -80 65 -32 -80
3 16 65 -24 -80 65 -32 -80 61.666 -40 -80
3 16 182.5 -32 160 182 -40 160 182.5 -32 150.5
3 16 181.5 -48 174.5 180 -72 155 182 -40 174.666
3 16 258 -40 160 257.5 -32 160 257.5 -32 150.5
3 16 246.414 -48 235.615 241.719 -56 241.719 241.365 -48 241.365
3 16 200 -64 259.5 199.835 -56 259 207.7 -56 258.493
3 16 258 -40 199.834 260 -72 200 258.5 -48 200
4 16 241.719 -56 241.719 181 -56 181 181.5 -48 181.5 241.366 -48 241.366
4 16 258 -40 160 182 -40 160 182.5 -32 160 257.5 -32 160
4 16 182 -40 174.666 258 -40 199.834 258.5 -48 200 181.5 -48 174.5
4 16 -260 -72 80 -259.5 -64 80 -181 -64 80 -180 -72 80
4 16 -181 -64 68.871 -259.5 -64 58.5 -259 -56 58.566 -182 -56 68.739
4 16 -258.5 -48 40 -183 -48 57.771 -182 -56 58 -259 -56 39.882
4 16 174 -64 180.5 174.165 -56 181 199.835 -56 259 200 -64 259.5
4 16 52.011 -32 -4.538 51.83 -40 -3.484 65 -40 -80 65 -32 -80
4 16 -181 -64 68.871 -180 -72 60 -180 -72 80 -181 -64 80
4 16 -258.5 -48 31.353 -258.5 -48 40 -259.844 -69.505 35 -259.844 -69.505 32.5
4 16 -259.5 -64 58.5 -260 -72 35 -259 -56 39.882 -259 -56 58.566
4 16 -260 -72 35 -259.5 -64 58.5 -259.5 -64 80 -260 -72 80
4 16 160 -72 260 160 -64 259.5 200 -64 259.5 200 -72 260
4 16 160 -72 260 160 -72 180 160 -64 180.5 160 -64 259.5
4 16 174 -64 180.5 160 -64 180.5 160 -72 180 180 -72 180
4 16 174 -64 180.5 180 -72 180 181 -56 181 174.165 -56 181
4 16 180 -32 138 180 -24 138 260 -24 138 260 -32 138
4 16 180 -32 150.5 180 -24 150 180 -24 138 180 -32 138
4 16 181.5 -48 174.5 181.5 -48 181.5 180 -72 180 180 -72 155
4 16 180.156 -69.505 155 182 -40 160 182 -40 174.666 180 -72 155
4 16 207.7 -56 258.493 215.269 -56 256.988 215.528 -72 257.954 207.83 -72 259.484
4 16 215.269 -56 256.988 222.579 -56 254.51 222.962 -72 255.434 215.528 -72 257.954
4 16 222.579 -56 254.51 229.5 -56 251.094 230 -72 251.96 222.962 -72 255.434
4 16 229.5 -56 251.094 235.919 -56 246.811 236.528 -72 247.604 230 -72 251.96
4 16 235.919 -56 246.811 241.719 -56 241.719 242.426 -72 242.426 236.528 -72 247.604
4 16 250.661 -48 229.25 251.96 -72 230 247.604 -72 236.528 246.414 -48 235.615
4 16 254.048 -48 222.388 255.434 -72 222.962 251.96 -72 230 250.661 -48 229.25
4 16 256.505 -48 215.14 257.954 -72 215.528 255.434 -72 222.962 254.048 -48 222.388
4 16 257.997 -48 207.634 259.484 -72 207.83 257.954 -72 215.528 256.505 -48 215.14
4 16 258 -40 160 259.844 -69.505 155 260 -72 200 258 -40 199.834
4 16 258.5 -48 200 260 -72 200 259.484 -72 207.83 257.997 -48 207.634
4 16 260 -32 150.5 260 -32 138 260 -24 138 260 -24 150
4 16 40 -48 -80 40 -40 -80 40 -40 -3 40 -48 -3
4 16 40 -48 -80 60 -48 -80 61.666 -40 -80 40 -40 -80
4 16 90 -24 -80 64.912 -24 -2.807 64.52 -32 -1.601 90 -32 -80
4 16 90 -24 -80 90 -32 -80 65 -32 -80 65 -24 -80
4 16 180.156 -69.505 152.5 182.5 -32 150.5 182 -40 160 180.156 -69.505 155
4 16 259.844 -69.591 152.5 259.844 -69.505 155 258 -40 160 257.5 -32 150.5
4 16 247.604 -72 236.528 242.426 -72 242.426 241.719 -56 241.719 246.414 -48 235.615
4 16 207.7 -56 258.493 207.83 -72 259.484 200 -72 260 200 -64 259.5
4 16 -182 -56 58 -180 -72 60 -181 -64 68.871 -182 -56 68.739
4 16 -260 -72 35 -259.844 -69.505 35 -258.5 -48 40 -259 -56 39.882

0 // Sides
1 16 -200 -24 -200 -6.6667 0 0 0 -24 0 0 0 -6.6667 48\1-4con13.dat
1 16 -200 0 -200 -6.6667 0 0 0 -24 0 0 0 -6.6667 48\1-4con14.dat
1 16 -280.67 -69.505 35 0 .96352 .693 0 .26764 -2.49513 -2.5 0 0 1-4disc.dat
1 16 250 -12 -250 0 0 3.3333 0 -12 0 -3.3333 0 0 48\1-4con13.dat
1 16 250 0 -250 0 0 3.3333 0 -12 0 -3.3333 0 0 48\1-4con14.dat
1 16 -260 -69.505 35 0 .15595 0 -2.49513 0 0 0 0 -2.5 1-4cyls.dat
1 16 -280 -69.505 35 0 -.693 0 -2.49513 0 0 0 0 -2.5 1-4cyls.dat
1 16 -280 -69.505 35 0 20 0 0 0 -2.49513 -2.5 0 0 1-4cyli.dat
1 16 -40 -72 60 -60 -3 0 0 24 0 0 -3 -60 48\1-4cyli.dat
1 16 117.994 -69.505 155 0 -2.994 0 0 0 -2.5 -2.49513 0 0 1-4cyls.dat
1 16 40 -72 60 60 3 0 0 24 0 0 -3 -60 48\1-4cyli.dat
1 16 43 -48 57 60 3 0 0 24 0 0 -3 -60 48\3-16cyli.dat
3 16 213.333 -4.75 -268.333 215.236 -2.932 -280.452 215.235 -24 -277.9
3 16 215.235 -24 -277.9 213.333 -24 -268.333 213.333 -4.75 -268.333
3 16 215.236 -2.932 -280.452 220.655 -1.391 -290.725 220.655 -24 -286.011
3 16 220.655 -1.391 -290.725 228.766 -.361 -297.59 228.766 -24 -291.431
3 16 220.655 -24 -286.011 215.235 -24 -277.9 215.236 -2.932 -280.452
3 16 228.766 -.361 -297.59 238.333 0 -300 238.333 -24 -293.333
3 16 228.766 -24 -291.431 220.655 -24 -286.011 220.655 -1.391 -290.725
3 16 238.333 -24 -293.333 228.766 -24 -291.431 228.766 -.361 -297.59
3 16 260 -18 -180 260 -24 -180 260 -24 -140
3 16 41.737 -8.642 -242.384 63.9 -20.7 -162 58.5 -48 -162
3 16 58.5 -48 -162 33.912 -48 -237.283 41.737 -8.642 -242.384
3 16 60 -48 -150 65 -22.5 -150 65 -24 -140
3 16 100 -72 140 101.428 -71.952 145.501 101.142 -72 145.74
3 16 100 -72 140 101.671 -71.817 145.298 101.428 -71.952 145.501
3 16 100 -72 140 101.834 -71.615 145.163 101.671 -71.817 145.298
3 16 100 -72 140 101.891 -71.376 145.115 101.834 -71.615 145.163
3 16 101.891 -71.376 145.115 100 -72 140 106 -24 135
3 16 105.891 -70.752 149.357 101.891 -71.376 145.115 107.141 -24 140.741
3 16 106 -24 135 107.141 -24 140.741 101.891 -71.376 145.115
3 16 107.141 -24 140.741 110.394 -24 145.607 105.891 -70.752 149.357
3 16 110.394 -24 145.607 115.26 -24 148.858 111.505 -70.129 151.984
3 16 111.505 -70.129 151.984 105.891 -70.752 149.357 110.394 -24 145.607
3 16 115.26 -24 148.858 121 -24 150 117.994 -69.505 152.505
3 16 117.994 -69.505 152.505 111.505 -70.129 151.984 115.26 -24 148.858
3 16 52.011 -32 -4.538 52.83 -32 -4.484 51.83 -40 -3.484
3 16 260 -72 200 259.844 -69.505 155 260 -72 155
3 16 293.333 -24 -250 296.666 -12 -250 293.333 -24 150
3 16 -286.667 -48 35 -293.334 -24 -200 -286.667 -48 31.353
3 16 -286.667 -48 31.353 -293.334 -24 -200 -286.667 -48 -200
3 16 250 -12 -296.666 238.333 0 -300 250 0 -300
3 16 40 -72 0 40 -48 -3 43 -48 -3
3 16 103 -48 57 106 -24 54 106 -24 135
3 16 60 -48 -80 60 -48 -150 61.666 -40 -80
4 16 -103 -48 57 -100 -72 60 -180 -72 60 -183 -48 57
4 16 -28.454 -.12 -299.197 -17.103 -.477 -296.817 -19.296 -48 -283.939 -29.56 -48 -285.979
4 16 -9.384 -48 -280.579 -19.296 -48 -283.939 -17.103 -.477 -296.817 -6.142 -1.065 -292.897
4 16 -29.56 -48 -285.979 -40 -48 -286.667 -40 0 -300 -28.454 -.12 -299.197
4 16 8.704 -48 -270.139 0 -48 -275.947 4.236 -1.876 -287.493 13.862 -2.892 -280.717
4 16 13.862 -2.892 -280.717 22.559 -4.101 -272.663 16.568 -48 -263.235 8.704 -48 -270.139
4 16 33.912 -48 -237.283 29.28 -48 -246.667 36.617 -7 -253.334 41.739 -8.642 -242.386
4 16 22.559 -4.101 -272.663 30.194 -5.477 -263.488 23.472 -48 -255.371 16.568 -48 -263.235
4 16 30.194 -5.477 -263.488 36.617 -7 -253.334 29.28 -48 -246.667 23.472 -48 -255.371
4 16 -6.142 -1.065 -292.897 4.236 -1.876 -287.493 0 -48 -275.947 -9.384 -48 -280.579
4 16 60 -48 -150 58.5 -48 -162 63.9 -20.7 -162 65 -22.5 -150
4 16 -286.667 -48 31.353 -280.67 -69.505 32.5 -280.67 -69.505 35 -286.667 -48 35
4 16 215.235 -24 -258.766 215.235 -6.185 -258.766 213.333 -4.75 -268.333 213.333 -24 -268.333
4 16 220.655 -24 -250.655 220.655 -7.402 -250.655 215.235 -6.185 -258.766 215.235 -24 -258.766
4 16 232.247 -24 -240.833 232.247 -8.875 -240.833 220.654 -7.402 -250.655 220.654 -24 -250.655
4 16 242 -24 -229.961 242 -10.506 -229.961 232.247 -8.875 -240.833 232.247 -24 -240.833
4 16 249.777 -24 -218.24 249.777 -12.264 -218.24 242 -10.506 -229.961 242 -24 -229.961
4 16 255.419 -24 -205.86 255.419 -14.121 -205.86 249.777 -12.264 -218.24 249.777 -24 -218.24
4 16 258.845 -24 -193.04 258.845 -16.044 -193.04 255.419 -14.121 -205.86 255.419 -24 -205.86
4 16 260 -24 -180 260 -18 -180 258.845 -16.044 -193.04 258.845 -24 -193.04
4 16 -259.844 -69.505 32.5 -280.67 -69.505 32.5 -286.667 -48 31.353 -258.5 -48 31.353
4 16 104.394 -72 150.607 101.142 -72 145.74 101.428 -71.952 145.501 104.967 -71.905 150.129
4 16 104.967 -71.905 150.129 101.428 -71.952 145.501 101.671 -71.817 145.298 105.453 -71.634 149.723
4 16 105.453 -71.634 149.723 101.671 -71.817 145.298 101.834 -71.615 145.163 105.777 -71.23 149.452
4 16 105.777 -71.23 149.452 101.834 -71.615 145.163 101.891 -71.376 145.115 105.891 -70.752 149.357
4 16 109.259 -72 153.859 104.394 -72 150.607 104.967 -71.905 150.129 110.118 -71.858 153.141
4 16 110.118 -71.858 153.141 104.967 -71.905 150.129 105.453 -71.634 149.723 110.847 -71.452 152.533
4 16 110.847 -71.452 152.533 105.453 -71.634 149.723 105.777 -71.23 149.452 111.334 -70.845 152.127
4 16 111.334 -70.845 152.127 105.777 -71.23 149.452 105.891 -70.752 149.357 111.505 -70.129 151.984
4 16 115 -72 155 109.259 -72 153.859 110.118 -71.858 153.141 116.146 -71.81 154.043
4 16 116.146 -71.81 154.043 110.118 -71.858 153.141 110.847 -71.452 152.533 117.117 -71.269 153.232
4 16 117.117 -71.269 153.232 110.847 -71.452 152.533 111.334 -70.845 152.127 117.766 -70.46 152.69
4 16 117.766 -70.46 152.69 111.334 -70.845 152.127 111.505 -70.129 151.984 117.994 -69.505 152.505
4 16 180.156 -69.505 152.5 180 -69.505 152.5 180 -32 150.5 182.5 -32 150.5
4 16 43 -48 -3 44 -40 -4 51.83 -40 -3.484 50.83 -48 -2.484
4 16 44 -40 -4 43 -48 -3 40 -48 -3 40 -40 -4
4 16 50.83 -48 -2.484 52.83 -32 -4.484 60.528 -32 -2.954 58.528 -48 -.954
4 16 64.52 -32 -1.601 65.962 -48 1.566 58.528 -48 -.954 60.528 -32 -2.954
4 16 65.962 -48 1.566 64.52 -32 -1.601 64.912 -24 -2.807 68.962 -24 -1.434
4 16 296.666 -12 -250 300 0 -250 300 0 200 293.333 -24 150
4 16 250 -12 -296.666 250 -24 -293.333 238.333 -24 -293.333 238.333 0 -300
4 16 65 -24 -140 65 -24 -80 61.666 -40 -80 60 -48 -150
4 16 -40 -72 0 -43 -48 -3 40 -48 -3 40 -72 0
4 16 100 -72 140 100 -72 60 103 -48 57 106 -24 135
