0 ~Electric Control+ L Motor Front
0 Name: u9479.dat
0 Author: Philippe Hurbain [Philo]
0 !LDRAW_ORG Unofficial_Part
0 !LICENSE Redistributable under CCAL version 2.0 : see CAreadme.txt

0 BFC CERTIFY CCW

1 16 0 -39 45 19 0 0 0 1 0 0 0 5 rect3.dat
1 16 0 -29.5 31 -19 0 0 0 0 0.5 0 1 0 rect3.dat
3 16 29 0 -6.364 30 -13.6361 -6.3639 30 13.636 -6.364
4 16 29 14 55 29 -14 55 29 -19 50 29 19 50
4 16 29 19 50 29 -19 50 29 -20 9 29 20 9
3 16 -30 -13.6361 -6.3639 -29 0 -6.364 -30 13.636 -6.364
4 16 26 6 8 26 -6 8 27 -27 8 27 27 8
4 16 -27 27 8 -6 26 8 6 26 8 27 27 8
4 16 27 -27 8 6 -26 8 -6 -26 8 -29 -27 8
1 16 27 0 29 0 1 0 27 0 0 0 0 -21 rect3.dat
4 16 27 14 55 27 19 50 27 -19 50 27 -14 55
1 16 28 0 55 -1 0 0 0 0 -14 0 -1 0 rect.dat
2 24 27 -27 8 -29 -27 8
2 24 -27 27 8 27 27 8
1 16 0 0 0 1 0 0 0 1 0 0 0 1 s\41014s01.dat
1 16 0 0 0 -1 0 0 0 1 0 0 0 1 s\41014s01.dat
1 16 0 0 0 1 0 0 0 -1 0 0 0 1 s\41014s01.dat
1 16 0 0 0 -1 0 0 0 -1 0 0 0 1 s\41014s01.dat
4 16 30 11 9 30 -11 9 30 -13.6361 6.3639 30 13.636 6.364
3 16 30 -13.6361 6.3639 29 0 6.3639 30 13.636 6.364
3 16 30 -11 -9 29 0 -9 30 11 -9
4 16 30 -13.6361 -6.3639 30 -11 -9 30 11 -9 30 13.636 -6.364
4 16 -30 -13.6361 6.3639 -30 -11 9 -30 11 9 -30 13.636 6.364
3 16 -29 0 6.3639 -30 -13.6361 6.3639 -30 13.636 6.364
3 16 -29 0 -9 -30 -11 -9 -30 11 -9
4 16 -30 11 -9 -30 -11 -9 -30 -13.6361 -6.3639 -30 13.636 -6.364
2 24 30 -20 -9 30 20 -9
2 24 30 13.636 -6.364 30 -13.6361 -6.3639
2 24 30 -13.6361 6.3639 30 13.636 6.364
2 24 -30 -20 -9 -30 20 -9
2 24 -30 13.636 -6.364 -30 -13.6361 -6.3639
2 24 -30 -13.6361 6.3639 -30 13.636 6.364
1 16 20 0 0 1 0 0 0 0 -1 0 1 0 connhol3.dat
1 16 0 20 0 1 0 0 0 0 -1 0 1 0 connhol3.dat
1 16 -20 0 0 -1 0 0 0 0 -1 0 1 0 connhol3.dat
1 16 0 -20 0 1 0 0 0 0 1 0 1 0 connhol3.dat
1 16 0 -27 12 8 0 0 0 15 0 0 0 1 box5.dat
1 16 0 27 12 8 0 0 0 -15 0 0 0 1 box5.dat
1 16 27 0 12 0 -16 0 8 0 0 0 0 1 box5.dat
1 16 -27 0 12 0 16 0 8 0 0 0 0 1 box5.dat
1 16 29.5 0 9 0 0 0.5 -20 0 0 0 -1 0 rect2p.dat
2 24 27 -27 50 27 -19 50
2 24 27 19 50 27 27 50
1 16 28 -16.5 52.5 -1 0 0 0 1 -2.5 0 0 -2.5 rect3.dat
1 16 28 16.5 52.5 1 0 0 0 -1 2.5 0 0 -2.5 rect3.dat
4 16 -29 -19 50 -29 -14 55 -29 14 55 -29 19 50
4 16 -29 -20 9 -29 -19 50 -29 19 50 -29 20 9
1 16 -27 0 29 0 -1 0 -27 0 0 0 0 -21 rect3.dat
4 16 -27 -19 50 -27 19 50 -27 14 55 -27 -14 55
1 16 -28 0 55 0 0 -1 14 0 0 0 -1 0 rect.dat
1 16 -29.5 0 9 0 0 -0.5 20 0 0 0 -1 0 rect2p.dat
2 24 -27 -27 50 -27 -19 50
2 24 -27 19 50 -27 27 50
1 16 -28 -16.5 52.5 -1 0 0 0 1 -2.5 0 0 -2.5 rect3.dat
1 16 -28 16.5 52.5 1 0 0 0 -1 2.5 0 0 -2.5 rect3.dat
1 16 19 -30 40 0 -38 0 0 0 -9 -9 0 0 1-4cylo.dat
1 16 -19 -30 40 0 1 0 0 0 -9 -9 0 0 1-4chrd.dat
4 16 -19 -29 31 -19 -30 31 -19 -39 40 -19 -39 50
3 16 -19 -39 50 -19 -29 50 -19 -29 31
2 24 -19 -29 31 -19 -29 50
1 16 19 -30 40 0 -1 0 0 0 -9 -9 0 0 1-4chrd.dat
4 16 19 -39 40 19 -30 31 19 -29 31 19 -39 50
3 16 19 -29 50 19 -39 50 19 -29 31
2 24 19 -29 31 19 -29 50
2 24 29 -29 50 29 -19 50
1 16 23 -28 50 5 0 -1 0 0 1 0 -1 0 rect2p.dat
4 16 27 -19 50 27 -27 50 29 -29 50 29 -19 50
1 16 30 -20 0 0 -1 0 0 0 -9 9 0 0 1-4cylo.dat
2 24 29 -29 0 29 -29 50
4 16 29 -26.3639 6.3639 29 -20 9 29 -19 50 29 -29 50
3 16 29 -29 0 29 -26.3639 6.3639 29 -29 50
4 16 29 -29 50 19 -29 50 19 -29 31 29 -29 0
2 24 29 29 50 29 19 50
1 16 23 28 50 -5 0 -1 0 0 -1 0 -1 0 rect2p.dat
4 16 29 29 50 27 27 50 27 19 50 29 19 50
1 16 30 20 0 0 -1 0 0 0 9 9 0 0 1-4cylo.dat
1 16 19 30 40 0 -1 0 0 0 9 -9 0 0 1-4chrd.dat
4 16 19 29 31 19 30 31 19 39 40 19 39 50
3 16 19 39 50 19 29 50 19 29 31
2 24 19 29 31 19 29 50
2 24 29 29 0 29 29 50
4 16 29 19 50 29 20 9 29 26.3639 6.3639 29 29 50
3 16 29 26.3639 6.3639 29 29 0 29 29 50
4 16 19 29 31 19 29 50 29 29 50 29 29 0
2 24 -29 -29 50 -29 -19 50
1 16 -23 -28 50 5 0 1 0 0 1 0 -1 0 rect2p.dat
4 16 -29 -29 50 -27 -27 50 -27 -19 50 -29 -19 50
1 16 -30 -20 0 0 1 0 0 0 -9 9 0 0 1-4cylo.dat
2 24 -29 -29 0 -29 -29 50
4 16 -29 -19 50 -29 -20 9 -29 -26.3639 6.3639 -29 -29 50
3 16 -29 -26.3639 6.3639 -29 -29 0 -29 -29 50
4 16 -19 -29 31 -19 -29 50 -29 -29 50 -29 -29 0
2 24 -29 29 50 -29 19 50
1 16 -23 28 50 -5 0 1 0 0 -1 0 -1 0 rect2p.dat
4 16 -27 19 50 -27 27 50 -29 29 50 -29 19 50
1 16 -30 20 0 0 1 0 0 0 9 9 0 0 1-4cylo.dat
1 16 -19 30 40 0 1 0 0 0 9 -9 0 0 1-4chrd.dat
4 16 -19 39 40 -19 30 31 -19 29 31 -19 39 50
3 16 -19 29 50 -19 39 50 -19 29 31
2 24 -19 29 31 -19 29 50
2 24 -29 29 0 -29 29 50
4 16 -29 26.3639 6.3639 -29 20 9 -29 19 50 -29 29 50
3 16 -29 29 0 -29 26.3639 6.3639 -29 29 50
4 16 -29 29 50 -19 29 50 -19 29 31 -29 29 0
1 16 0 39 45 -19 0 0 0 -1 0 0 0 5 rect3.dat
1 16 0 29.5 31 0 0 -19 -0.5 0 0 0 1 0 rect1.dat
1 16 19 30 40 0 -38 0 0 0 9 -9 0 0 1-4cylo.dat
4 16 19 -29 31 -19 -29 31 -29 -29 0 29 -29 0
4 16 -29 29 0 -19 29 31 19 29 31 29 29 0
1 16 0 20 8 0 0 6 -6 0 0 0 -1 0 4-4ndis.dat
1 16 20 0 8 6 0 0 0 0 6 0 -1 0 4-4ndis.dat
4 16 9 9 8 14 6 8 26 6 8 6 14 8
4 16 26 6 8 27 27 8 6 26 8 6 14 8
1 16 0 -20 8 0 0 6 6 0 0 0 -1 0 4-4ndis.dat
4 16 26 -6 8 14 -6 8 9 -9 8 6 -14 8
4 16 6 -26 8 27 -27 8 26 -6 8 6 -14 8
4 16 9 -9 8 14 -6 8 14 6 8 9 9 8
4 16 -27 -27 8 -26 -6 8 -26 6 8 -27 27 8
1 16 -20 0 8 -6 0 0 0 0 6 0 -1 0 4-4ndis.dat
4 16 -26 6 8 -14 6 8 -9 9 8 -6 14 8
4 16 -6 26 8 -27 27 8 -26 6 8 -6 14 8
4 16 -9 -9 8 -14 -6 8 -26 -6 8 -6 -14 8
4 16 -26 -6 8 -27 -27 8 -6 -26 8 -6 -14 8
4 16 -14 6 8 -14 -6 8 -9 -9 8 -9 9 8
4 16 6 -14 8 9 -9 8 -9 -9 8 -6 -14 8
4 16 -6 14 8 -9 9 8 9 9 8 6 14 8
2 24 17 -27 32 17 -27 50
4 16 17 -27 50 17 -27 32 17 -37 38 17 -37 50
2 24 -17 -27 32 -17 -27 50
4 16 -17 -37 38 -17 -27 32 -17 -27 50 -17 -37 50
1 16 0 -37 44 17 0 0 0 -1 0 0 0 -6 rect.dat
1 16 0 -32 35 17 0 0 0 0 5 0 -1 -3 rect3.dat
4 16 -19 -39 50 19 -39 50 17 -37 50 -17 -37 50
1 16 -18 -33 50 0 0 1 -5 0 1 0 -1 0 rect2p.dat
1 16 18 -33 50 0 0 1 -5 0 -1 0 -1 0 rect2p.dat
4 16 -27 -27 8 -27 -27 50 -17 -27 50 -17 -27 32
4 16 -27 -27 8 -17 -27 32 17 -27 32 27 -27 8
4 16 27 -27 50 27 -27 8 17 -27 32 17 -27 50
2 24 17 27 32 17 27 50
4 16 17 37 38 17 27 32 17 27 50 17 37 50
2 24 -17 27 32 -17 27 50
4 16 -17 27 50 -17 27 32 -17 37 38 -17 37 50
1 16 0 37 44 0 0 -17 0 1 0 6 0 0 rect.dat
1 16 0 32 35 -17 0 0 0 0 -5 0 -1 -3 rect3.dat
4 16 17 37 50 19 39 50 -19 39 50 -17 37 50
1 16 -18 33 50 0 0 1 -5 0 -1 0 -1 0 rect2p.dat
1 16 18 33 50 0 0 1 -5 0 1 0 -1 0 rect2p.dat
4 16 -17 27 50 -27 27 50 -27 27 8 -17 27 32
4 16 17 27 32 -17 27 32 -27 27 8 27 27 8
4 16 17 27 32 27 27 8 27 27 50 17 27 50
