0 Hinge Plate  1 x  4 Base
0 Name: 2429.dat
0 Author: James Jessiman
0 !LDRAW_ORG Part UPDATE 2003-03
0 !LICENSE Redistributable under CCAL version 2.0 : see CAreadme.txt

0 BFC CERTIFY CCW

0 !HISTORY 1999-05-17 [PTadmin] Official Update 1999-03
0 !HISTORY 1999-05-24 [PTadmin] Official Update 1999-04
0 !HISTORY 1999-07-05 [PTadmin] Official Update 1999-05
0 !HISTORY 2003-01-20 [sbliss] Completed header, BFC'ed, substituted primitives for polygons
0 !HISTORY 2003-12-19 [PTadmin] Official Update 2003-03
0 !HISTORY 2007-05-08 [PTadmin] Header formatted for Contributor Agreement
0 !HISTORY 2008-07-01 [PTadmin] Official Update 2008-01

1 16 -20 4 10 1 0 0 0 -1 0 0 0 1 stud3.dat
2 24 -4 8 16 -36 8 16
2 24 -36 8 16 -36 8 4
2 24 -36 8 4 -6.75 8 4
2 24 -4 8 6.75 -4 8 16
1 16 0 8 0 4 0 0 0 4 0 0 0 4 4-4edge.dat
2 24 0 8 20 -40 8 20
2 24 -40 8 20 -40 8 0
2 24 -40 8 0 -8 8 0
2 24 0 8 8 0 8 20
1 16 0 4 0 4 0 0 0 4 0 0 0 4 4-4edge.dat
1 16 0 4 0 8 0 0 0 8 0 0 0 8 4-4edge.dat
2 24 -4 4 16 -36 4 16
2 24 -36 4 16 -36 4 4
2 24 -36 4 4 -6.75 4 4
2 24 -4 4 6.75 -4 4 16
2 24 -4 4 6.75 -4 8 6.75
2 24 -4 4 16 -4 8 16
2 24 -36 4 16 -36 8 16
2 24 -36 4 4 -36 8 4
2 24 -6.75 4 4 -6.75 8 4
2 24 0 0 20 -40 0 20
2 24 -40 0 20 -40 0 0
2 24 -40 0 0 -8 0 0
1 16 0 0 0 -8 0 0 0 8 0 0 0 8 1-4edge.dat
2 24 0 0 8 0 0 20
2 24 0 0 20 0 8 20
2 24 -40 0 20 -40 8 20
2 24 -40 0 0 -40 8 0
2 24 -8 0 0 -8 8 0
2 24 0 0 8 0 8 8
4 16 0 8 8 -4 8 6.75 -4 8 16 0 8 20
4 16 0 8 20 -4 8 16 -36 8 16 -40 8 20
4 16 -40 8 20 -36 8 16 -36 8 4 -40 8 0
4 16 -40 8 0 -36 8 4 -6.75 8 4 -8 8 0
1 16 0 8 0 4 0 0 0 -1 0 0 0 -4 ring1.dat
2 24 -6.75 8 4 -5.6568 8 5.6568
2 24 -4 8 6.75 -5.6568 8 5.6568
1 16 0 4 0 4 0 0 0 1 0 0 0 4 ring1.dat
4 16 -4 4 16 -4 4 4 -36 4 4 -36 4 16
4 16 -8 0 8 0 0 8 0 0 20 -40 0 20
4 16 -8 0 0 -8 0 8 -40 0 20 -40 0 0
1 16 0 0 0 -8 0 0 0 1 0 0 0 8 1-4ndis.dat
4 16 -40 0 20 0 0 20 0 8 20 -40 8 20
4 16 -4 8 16 -4 4 16 -36 4 16 -36 8 16
4 16 -36 4 4 -6.75 4 4 -6.75 8 4 -36 8 4
4 16 -8 8 0 -8 0 0 -40 0 0 -40 8 0
4 16 -40 0 0 -40 0 20 -40 8 20 -40 8 0
4 16 -36 8 16 -36 4 16 -36 4 4 -36 8 4
4 16 -4 4 6.75 -4 4 16 -4 8 16 -4 8 6.75
4 16 0 8 20 0 0 20 0 0 8 0 8 8
0 BFC INVERTNEXT
1 16 0 0 0 -8 0 0 0 4 0 0 0 8 1-4cyli.dat
0 BFC INVERTNEXT
1 16 0 4 0 4 0 0 0 4 0 0 0 4 4-4cyli.dat
1 16 0 4 0 -8 0 0 0 4 0 0 0 -8 4-4cyli.dat
1 16 -10 0 10 1 0 0 0 1 0 0 0 1 stud.dat
1 16 -30 0 10 1 0 0 0 1 0 0 0 1 stud.dat
1 16 0 8 0 -8 0 0 0 1 0 0 0 -8 3-4EDGE.DAT
0
