0 Minifig Hand
0 Name: 3820.dat
0 Author: Orion Pobursky [OrionP]
0 !LDRAW_ORG Part UPDATE 2019-01
0 !LICENSE Redistributable under CCAL version 2.0 : see CAreadme.txt

0 !HELP The centre of the grip is at x, y -.8229, z -9.8948
0 !HELP The centre of the arm/hand cylinder meets at x, y, z -9.682
0 !HELP The Hand angle is 14.5 degrees
0 !HELP To rotate the hand to 90 degrees horizontal use the following rotation
0 !HELP matrix: 1 0 0 0 0.968148 0.25038 0 -0.25038 0.968148
0 !HELP After the rotation matrix is applied:
0 !HELP The center of the bottom of the hand will be x, y+2.2259, z-9.3739
0 !HELP The center of the top of the hand will be x, y-8.7741, z-9.3739

0 BFC CERTIFY CCW

0 !HISTORY 2002-11-30 [PTadmin] Official Update 2002-05
0 !HISTORY 2002-12-31 [PTadmin] Official Update 2002-06
0 !HISTORY 2007-07-29 [PTadmin] Header formatted for Contributor Agreement
0 !HISTORY 2008-07-01 [PTadmin] Official Update 2008-01
0 !HISTORY 2008-07-07 [DeannaEarley] Removed erroneous BFC CERTIFY entries (2005-08-29
0 !HISTORY 2008-07-07 [WilliamH] Added conditional lines to underside (2006-08-17)
0 !HISTORY 2009-08-24 [PTadmin] Moved from 983
0 !HISTORY 2009-12-29 [PTadmin] Official Update 2009-03
0 !HISTORY 2018-12-25 [GeraldLasser] Corrected grip width and intersection at cuff, reduced height by 1 LDU
0 !HISTORY 2019-06-28 [PTadmin] Official Update 2019-01

0 // Post
1 16 0 0 13 2.5 0 0 0 0 -2.5 0 -13 0 4-4cylc.dat

0 // Cuff
3 16 2.1213 -2.1213 0 1.5546 -2.5 0 2.1213 -2.1213 -1.4641
5 24 2.1213 -2.1213 0 2.1213 -2.1213 -1.4641 2.7717 -1.1481 0 1.5546 -2.5 0
4 16 2.7717 -1.1481 -4.5817 2.7717 -1.1481 0 2.1213 -2.1213 0 2.1213 -2.1213 -1.4641
3 16 2.6602 -1.3149 -4.5478 2.7717 -1.1481 -4.5817 2.1213 -2.1213 -1.4641
5 24 2.7717 -1.1481 0 2.7717 -1.1481 -4.5817 3 0 0 2.1213 -2.1213 0
4 16 3 0 -4.4423 3 0 0 2.7717 -1.1481 0 2.7717 -1.1481 -4.5817
5 24 3 0 0 3 0 -4.4423 2.7717 1.1481 0 2.7717 -1.1481 0
4 16 2.7717 1.1481 -3.9877 2.7717 1.1481 0 3 0 0 3 0 -4.4423
5 24 2.7717 1.1481 0 2.7717 1.1481 -3.9877 2.1213 2.1213 0 3 0 0
4 16 2.2962 1.8596 -3.4756 2.2962 1.8596 0 2.7717 1.1481 0 2.7717 1.1481 -3.9877
4 16 2.1213 2.1213 0 2.2962 1.8596 0 2.2962 1.8596 -3.4756 2.1213 2.1212 -3.372
5 24 2.1213 2.1213 0 2.1213 2.1212 -3.372 1.1481 2.7717 0 2.7717 1.1481 0
4 16 1.1481 2.7717 -3.0039 1.1481 2.7717 0 2.1213 2.1213 0 2.1213 2.1212 -3.372
5 24 1.1481 2.7717 -3.0039 1.1481 2.7717 0 2.1213 2.1213 0 0 2.9999 0
4 16 0 3 -2.7094 0 2.9999 0 1.1481 2.7717 0 1.1481 2.7717 -3.0039
5 24 0 3 -2.7094 0 2.9999 0 1.1481 2.7717 0 -1.1481 2.7717 0
3 16 -2.1213 -2.1213 -1.4641 -1.5546 -2.5 0 -2.1213 -2.1213 0
5 24 -2.1213 -2.1213 0 -2.1213 -2.1213 -1.4641 -2.7717 -1.1481 0 -1.5546 -2.5 0
4 16 -2.1213 -2.1213 0 -2.7717 -1.1481 0 -2.7717 -1.1481 -4.5817 -2.1213 -2.1213 -1.4641
3 16 -2.1213 -2.1213 -1.4641 -2.7717 -1.1481 -4.5817 -2.6602 -1.3149 -4.5478
5 24 -2.7717 -1.1481 0 -2.7717 -1.1481 -4.5817 -3 0 0 -2.1213 -2.1213 0
4 16 -2.7717 -1.1481 0 -3 0 0 -3 0 -4.4423 -2.7717 -1.1481 -4.5817
5 24 -3 0 0 -3 0 -4.4423 -2.7717 1.1481 0 -2.7717 -1.1481 0
4 16 -3 0 0 -2.7717 1.1481 0 -2.7717 1.1481 -3.9877 -3 0 -4.4423
5 24 -2.7717 1.1481 0 -2.7717 1.1481 -3.9877 -2.1213 2.1213 0 -3 0 0
4 16 -2.7717 1.1481 0 -2.2962 1.8596 0 -2.2962 1.8596 -3.4756 -2.7717 1.1481 -3.9877
4 16 -2.2962 1.8596 -3.4756 -2.2962 1.8596 0 -2.1213 2.1213 0 -2.1213 2.1212 -3.372
5 24 -2.1213 2.1213 0 -2.1213 2.1212 -3.372 -1.1481 2.7717 0 -2.7717 1.1481 0
4 16 -2.1213 2.1213 0 -1.1481 2.7717 0 -1.1481 2.7717 -3.0039 -2.1213 2.1212 -3.372
5 24 -1.1481 2.7717 -3.0039 -1.1481 2.7717 0 -2.1213 2.1213 0 0 2.9999 0
4 16 -1.1481 2.7717 0 0 2.9999 0 0 3 -2.7094 -1.1481 2.7717 -3.0039

0 // Flat part of Cuff
3 16 -1.5546 -2.5 0 -2.1213 -2.1213 -1.4641 0 -2.5 0
3 16 1.5546 -2.5 0 0 -2.5 0 2.1213 -2.1213 -1.4641
4 16 0 -2.5 0 -2.1213 -2.1213 -1.4641 -2.2962 -1.3762 -4.3124 0 -1.4914 -3.8706
3 16 -2.1213 -2.1213 -1.4641 -2.6602 -1.3149 -4.5478 -2.2962 -1.3762 -4.3124
4 16 2.2962 -1.3762 -4.3124 2.1213 -2.1213 -1.4641 0 -2.5 0 0 -1.4914 -3.8706
3 16 2.2962 -1.3762 -4.3124 2.6602 -1.3149 -4.5478 2.1213 -2.1213 -1.4641

0 // Cuff Intersect Lines
2 24 0 3 -2.7094 -1.1481 2.7717 -3.0039
2 24 -2.2962 1.8596 -3.4756 -2.1213 2.1212 -3.372
2 24 -2.7717 1.1481 -3.9877 -3 0 -4.4423
2 24 -2.2962 1.8596 -3.4756 -2.7717 1.1481 -3.9877
2 24 -3 0 -4.4423 -2.7717 -1.1481 -4.5817
2 24 -2.7717 -1.1481 -4.5817 -2.6602 -1.3149 -4.5478
2 24 -2.1213 -2.1213 -1.4641 -2.6602 -1.3149 -4.5478
2 24 -2.1213 -2.1213 -1.4641 -1.5546 -2.5 0
2 24 -1.1481 2.7717 -3.0039 -2.1213 2.1212 -3.372
2 24 0 3 -2.7094 1.1481 2.7717 -3.0039
2 24 2.2962 1.8596 -3.4756 2.1213 2.1212 -3.372
2 24 2.7717 1.1481 -3.9877 3 0 -4.4423
2 24 2.2962 1.8596 -3.4756 2.7717 1.1481 -3.9877
2 24 3 0 -4.4423 2.7717 -1.1481 -4.5817
2 24 2.7717 -1.1481 -4.5817 2.6602 -1.3149 -4.5478
2 24 2.1213 -2.1213 -1.4641 2.6602 -1.3149 -4.5478
2 24 2.1213 -2.1213 -1.4641 1.5546 -2.5 0
2 24 1.1481 2.7717 -3.0039 2.1213 2.1212 -3.372
2 24 -2.6602 -1.3149 -4.5478 -2.2962 -1.3762 -4.3124
2 24 -2.2962 -1.3762 -4.3124 0 -1.4914 -3.8706
2 24 2.2962 -1.3762 -4.3124 0 -1.4914 -3.8706
2 24 2.6602 -1.3149 -4.5478 2.2962 -1.3762 -4.3124

0 // Cuff Ring
3 16 0 -2.5 0 -.9567 -2.3098 0 -1.5546 -2.5 0
3 16 1.5546 -2.5 0 .9567 -2.3098 0 0 -2.5 0
4 16 2.5 0 0 2.3098 -.9567 0 2.7717 -1.148 0 3 0 0
4 16 2.3098 -.9567 0 1.7678 -1.7678 0 2.1213 -2.1213 0 2.7717 -1.148 0
4 16 1.7678 -1.7678 0 .9567 -2.3098 0 1.5546 -2.5 0 2.1213 -2.1213 0
4 16 -.9567 -2.3098 0 -1.7678 -1.7678 0 -2.1213 -2.1213 0 -1.5546 -2.5 0
4 16 -1.7678 -1.7678 0 -2.3098 -.9567 0 -2.7717 -1.148 0 -2.1213 -2.1213 0
4 16 -2.3098 -.9567 0 -2.5 0 0 -3 0 0 -2.7717 -1.148 0
4 16 -2.5 0 0 -2.3098 .9567 0 -2.7717 1.148 0 -3 0 0
4 16 -2.3098 .9567 0 -1.7678 1.7677 0 -2.1213 2.1213 0 -2.7717 1.148 0
4 16 -1.7678 1.7677 0 -.9567 2.3098 0 -1.148 2.7717 0 -2.1213 2.1213 0
4 16 -.9567 2.3098 0 0 2.5 0 0 2.9999 0 -1.148 2.7717 0
4 16 0 2.5 0 .9567 2.3098 0 1.148 2.7717 0 0 2.9999 0
4 16 .9567 2.3098 0 1.7678 1.7677 0 2.1213 2.1213 0 1.148 2.7717 0
4 16 1.7678 1.7677 0 2.3098 .9567 0 2.7717 1.148 0 2.1213 2.1213 0
4 16 2.3098 .9567 0 2.5 0 0 3 0 0 2.7717 1.148 0
2 24 2.1213 -2.1213 0 1.5546 -2.5 0
2 24 -2.1213 -2.1213 0 -1.5546 -2.5 0
2 24 3 0 0 2.7717 -1.1481 0
2 24 2.7717 -1.1481 0 2.1213 -2.1213 0
2 24 -2.1213 -2.1213 0 -2.7717 -1.1481 0
2 24 -2.7717 -1.1481 0 -3 0 0
2 24 -3 0 0 -2.7717 1.1481 0
2 24 -2.7717 1.1481 0 -2.1213 2.1213 0
2 24 -2.1213 2.1213 0 -1.1481 2.7717 0
2 24 -1.1481 2.7717 0 0 2.9999 0
2 24 0 2.9999 0 1.1481 2.7717 0
2 24 1.1481 2.7717 0 2.1213 2.1213 0
2 24 2.1213 2.1213 0 2.7717 1.1481 0
2 24 2.7717 1.1481 0 3 0 0
2 24 -1.5546 -2.5 0 0 -2.5 0
2 24 0 -2.5 0 1.5546 -2.5 0

0 // Hand
1 16 0 4.502 -8.518 -6 0 0 0 -10.64966 -1.5023 0 -2.75422 5.8089 2-4cylo.dat
0 BFC INVERTNEXT
1 16 0 4.502 -8.518 -4 0 0 0 -10.64966 -1.0015 0 -2.75422 3.8726 2-4cylo.dat
1 16 0 4.502 -8.518 -2 0 0 0 -1 -.5008 0 0 1.93629 2-4ring2.dat
1 16 0 -6.1478 -11.2716 -2 0 0 0 1 -.5008 0 0 1.93629 2-4ring2.dat
5 24 -6 4.502 -8.518 -6 -6.14766 -11.27222 -5.543 -6.5406 -13.7453 -5.5434 -7.691 -9.299
5 24 -4 -6.1479 -11.2716 -4 4.5023 -8.5179 -3.696 -5.7641 -12.7544 -3.6956 -7.4994 -10.04

0 // Fingers A
1 16 -3.5 -3.8845 -14.0324 0 -1 0 -1.45222 0 .37557 -.37557 0 -1.45222 1-4edge.dat
1 16 -3.5 -3.8845 -14.0324 0 -1 0 -1.45222 0 .37557 -.37557 0 -1.45222 1-4chrd.dat
2 24 -3.5 4.6076 -10.3742 -3.5 -5.691 -13.0376
2 24 -3.6956 4.5906 -10.0763 -3.5 4.6076 -10.3742
2 24 -4 4.502 -8.518 -3.6956 4.5906 -10.0763
2 24 -4.2426 3.122 -13.2571 -3.6787 2.6705 -13.7632
2 24 -3.5 2.119 -14.0291 -3.6787 2.6705 -13.7632
2 24 -5.5434 4.4609 -10.9004 -4.7152 3.9694 -12.3076
2 24 -4.2426 3.122 -13.2571 -4.7152 3.9694 -12.3076
2 24 -6 4.502 -8.518 -5.6195 4.6128 -10.4658
2 24 -5.5434 4.4609 -10.9004 -5.6195 4.6128 -10.4658
2 24 -3.6708 -4.0933 -15.5178 -4.2426 -4.6969 -15.2792
2 24 -3.6708 -4.0933 -15.5178 -3.5 -3.5089 -15.4846
2 24 -4.9134 -5.3367 -14.4079 -4.5298 -5.0825 -14.9351
2 24 -4.5298 -5.0825 -14.9351 -4.2426 -4.6969 -15.2792
2 24 -3.5 4.6076 -10.3742 -3.5 3.9694 -12.3076
2 24 -3.5 2.6705 -13.7632 -3.5 3.9694 -12.3076
2 24 -3.5 2.6705 -13.7632 -3.5 2.119 -14.0291
3 16 -5.6195 4.6128 -10.4658 -5.5434 4.4609 -10.9004 -6 4.502 -8.518
4 16 -6 -6.14766 -11.27222 -6 4.502 -8.518 -5.5434 4.4609 -10.9004 -5.5434 -5.5729 -13.4946
4 16 -4.5298 -5.0825 -14.9351 -4.9134 -5.3367 -14.4079 -5.5434 -5.5729 -13.4946 -4.2426 -4.6969 -15.2792
4 16 -4.2426 3.122 -13.2571 -4.2426 -4.6969 -15.2792 -5.5434 -5.5729 -13.4946 -5.5434 4.4609 -10.9004
3 16 -4.7152 3.9694 -12.3076 -4.2426 3.122 -13.2571 -5.5434 4.4609 -10.9004
4 16 -4.2426 3.122 -13.2571 -3.6787 2.6705 -13.7632 -3.6708 -4.0933 -15.5178 -4.2426 -4.6969 -15.2792
4 16 -3.6787 2.6705 -13.7632 -3.5 2.119 -14.0291 -3.5 -3.5089 -15.4846 -3.6708 -4.0933 -15.5178
3 16 -3.5 -4.6459 -15.3248 -4.2426 -4.6969 -15.2792 -3.6708 -4.0933 -15.5178
3 16 -3.6708 -4.0933 -15.5178 -3.5 -4.0933 -15.5178 -3.5 -4.6459 -15.3248
3 16 -3.6708 -4.0933 -15.5178 -3.5 -3.5089 -15.4846 -3.5 -4.0933 -15.5178
4 16 -4.5298 -5.0825 -14.9351 -4.2426 -4.6969 -15.2792 -3.5 -4.6459 -15.3248 -3.5 -5.0825 -14.9351
4 16 -3.5 -5.3367 -14.4079 -4.9134 -5.3367 -14.4079 -4.5298 -5.0825 -14.9351 -3.5 -5.0825 -14.9351
4 16 -5.5434 -5.5729 -13.4946 -4.9134 -5.3367 -14.4079 -3.5 -5.3367 -14.4079 -3.5 -5.691 -13.0376
4 16 -4 -6.1479 -11.2716 -6 -6.14766 -11.27222 -5.5434 -5.5729 -13.4946 -3.696 -5.7641 -12.7544
3 16 -3.5 -5.691 -13.0376 -3.696 -5.7641 -12.7544 -5.5434 -5.5729 -13.4946
3 16 -3.5 2.119 -14.0291 -3.6787 2.6705 -13.7632 -3.5 2.6705 -13.7632
3 16 -4.2426 3.122 -13.2571 -4.7152 3.9694 -12.3076 -3.5 3.9694 -12.3076
4 16 -3.6787 2.6705 -13.7632 -4.2426 3.122 -13.2571 -3.5 3.9694 -12.3076 -3.5 2.6705 -13.7632
3 16 -3.5 4.6076 -10.3742 -5.6195 4.6128 -10.4658 -3.6956 4.5906 -10.0763
4 16 -6 4.502 -8.518 -4 4.502 -8.518 -3.6956 4.5906 -10.0763 -5.6195 4.6128 -10.4658
4 16 -4.7152 3.9694 -12.3076 -5.5434 4.4609 -10.9004 -3.5 4.6076 -10.3742 -3.5 3.9694 -12.3076
3 16 -5.6195 4.6128 -10.4658 -3.5 4.6076 -10.3742 -5.5434 4.4609 -10.9004
4 16 -3.6956 4.5906 -10.0763 -4 4.502 -8.518 -4 -6.1479 -11.2716 -3.696 -5.7641 -12.7544
4 16 -3.5 4.6076 -10.3742 -3.6956 4.5906 -10.0763 -3.696 -5.7641 -12.7544 -3.5 -5.691 -13.0376
4 16 -3.5 4.6076 -10.3742 -3.5 -5.691 -13.0376 -3.5 -5.3367 -14.4079 -3.5 3.9694 -12.3076
3 16 -3.5 2.6705 -13.7632 -3.5 3.9694 -12.3076 -3.5 2.119 -14.0291
4 16 -3.5 -5.3367 -14.4079 -3.5 -3.5089 -15.4846 -3.5 2.119 -14.0291 -3.5 3.9694 -12.3076
2 24 -3.5 2.119 -14.0291 -3.5 -3.5089 -15.4846
5 24 -4 4.502 -8.518 -6 4.502 -8.518 -3.6956 4.1188 -7.036 -5.6195 4.6128 -10.4658
5 24 -3.5 4.6076 -10.3742 -5.6195 4.6128 -10.4658 -6 4.502 -8.518 -4.7152 3.9694 -12.3076
5 24 -3.696 -5.7641 -12.7544 -3.6956 4.5906 -10.0763 -3.5 -5.691 -13.0376 -4 -6.1479 -11.2716
5 24 -3.5 3.9694 -12.3076 -4.7152 3.9694 -12.3076 -3.5 4.6076 -10.3742 -4.2426 3.122 -13.2571
5 24 -3.5 2.6705 -13.7632 -3.6787 2.6705 -13.7632 -3.5 2.119 -14.0291 -3.5 3.9694 -12.3076
5 24 -5.5434 4.4609 -10.9004 -5.5434 -5.5729 -13.4946 -6 -6.14766 -11.27222 -4.9134 -5.3367 -14.4079
5 24 -4.2426 -4.6969 -15.2792 -4.2426 3.122 -13.2571 -4.7152 3.9694 -12.3076 -3.6787 2.6705 -13.7632
2 24 -4 -6.1479 -11.2716 -3.696 -5.7641 -12.7544
2 24 -3.696 -5.7641 -12.7544 -3.5 -5.691 -13.0376
2 24 -3.5 -5.3367 -14.4079 -3.5 -5.691 -13.0376
2 24 -5.5434 -5.5729 -13.4946 -4.9134 -5.3367 -14.4079
2 24 -5.5434 -5.5729 -13.4946 -6 -6.14766 -11.27222
5 24 -3.5 -4.0933 -15.5178 -3.6708 -4.0933 -15.5178 -3.5 -3.5089 -15.4846 -3.5 -4.6459 -15.3248
5 24 -3.5 -4.6459 -15.3248 -4.2426 -4.6969 -15.2792 -3.5 -4.0933 -15.5178 -3.5 -5.0825 -14.9351
5 24 -4.5298 -5.0825 -14.9351 -3.5 -5.0825 -14.9351 -3.5 -5.3367 -14.4079 -3.5 -4.6459 -15.3248
5 24 -4.9134 -5.3367 -14.4079 -3.5 -5.3367 -14.4079 -3.5 -5.691 -13.0376 -3.5 -5.0825 -14.9351
5 24 3.5 -4.6459 -15.3248 3.6708 -4.0933 -15.5178 4.2426 -4.6969 -15.2792 3.5 -4.0933 -15.5178

0 // Fingers B
1 16 3.5 -3.8845 -14.0324 0 1 0 -1.45222 0 .37557 -.37557 0 -1.45222 1-4edge.dat
1 16 3.5 -3.8845 -14.0324 0 1 0 -1.45222 0 .37557 -.37557 0 -1.45222 1-4chrd.dat
2 24 3.5 4.6076 -10.3742 3.5 -5.691 -13.0376
2 24 3.6956 4.5906 -10.0763 3.5 4.6076 -10.3742
2 24 4 4.502 -8.518 3.6956 4.5906 -10.0763
2 24 4.2426 3.122 -13.2571 3.6787 2.6705 -13.7632
2 24 3.5 2.119 -14.0291 3.6787 2.6705 -13.7632
2 24 5.5434 4.4609 -10.9004 4.7152 3.9694 -12.3076
2 24 4.2426 3.122 -13.2571 4.7152 3.9694 -12.3076
2 24 6 4.502 -8.518 5.6195 4.6128 -10.4658
2 24 5.5434 4.4609 -10.9004 5.6195 4.6128 -10.4658
2 24 3.6708 -4.0933 -15.5178 4.2426 -4.6969 -15.2792
2 24 3.6708 -4.0933 -15.5178 3.5 -3.5089 -15.4846
2 24 4.9134 -5.3367 -14.4079 4.5298 -5.0825 -14.9351
2 24 4.5298 -5.0825 -14.9351 4.2426 -4.6969 -15.2792
2 24 3.5 4.6076 -10.3742 3.5 3.9694 -12.3076
2 24 3.5 2.6705 -13.7632 3.5 3.9694 -12.3076
2 24 3.5 2.6705 -13.7632 3.5 2.119 -14.0291
3 16 5.5434 4.4609 -10.9004 5.6195 4.6128 -10.4658 6 4.502 -8.518
4 16 6 4.502 -8.518 5.99998 -6.14771 -11.27154 5.5434 -5.5729 -13.4946 5.5434 4.4609 -10.9004
4 16 4.9134 -5.3367 -14.4079 4.5298 -5.0825 -14.9351 4.2426 -4.6969 -15.2792 5.5434 -5.5729 -13.4946
3 16 4.2426 3.122 -13.2571 4.7152 3.9694 -12.3076 5.5434 4.4609 -10.9004
4 16 4.2426 -4.6969 -15.2792 4.2426 3.122 -13.2571 5.5434 4.4609 -10.9004 5.5434 -5.5729 -13.4946
4 16 3.6708 -4.0933 -15.5178 3.6787 2.6705 -13.7632 4.2426 3.122 -13.2571 4.2426 -4.6969 -15.2792
4 16 3.5 -3.5089 -15.4846 3.5 2.119 -14.0291 3.6787 2.6705 -13.7632 3.6708 -4.0933 -15.5178
3 16 3.6708 -4.0933 -15.5178 4.2426 -4.6969 -15.2792 3.5 -4.6459 -15.3248
3 16 3.5 -4.6459 -15.3248 3.5 -4.0933 -15.5178 3.6708 -4.0933 -15.5178
3 16 3.5 -3.5089 -15.4846 3.6708 -4.0933 -15.5178 3.5 -4.0933 -15.5178
4 16 3.5 -4.6459 -15.3248 4.2426 -4.6969 -15.2792 4.5298 -5.0825 -14.9351 3.5 -5.0825 -14.9351
4 16 4.5298 -5.0825 -14.9351 4.9134 -5.3367 -14.4079 3.5 -5.3367 -14.4079 3.5 -5.0825 -14.9351
4 16 3.5 -5.3367 -14.4079 4.9134 -5.3367 -14.4079 5.5434 -5.5729 -13.4946 3.5 -5.691 -13.0376
4 16 5.5434 -5.5729 -13.4946 6 -6.1479 -11.2716 4 -6.1479 -11.2716 3.696 -5.7641 -12.7544
3 16 3.696 -5.7641 -12.7544 3.5 -5.691 -13.0376 5.5434 -5.5729 -13.4946
3 16 3.6787 2.6705 -13.7632 3.5 2.119 -14.0291 3.5 2.6705 -13.7632
3 16 4.7152 3.9694 -12.3076 4.2426 3.122 -13.2571 3.5 3.9694 -12.3076
4 16 3.5 3.9694 -12.3076 4.2426 3.122 -13.2571 3.6787 2.6705 -13.7632 3.5 2.6705 -13.7632
3 16 5.6195 4.6128 -10.4658 3.5 4.6076 -10.3742 3.6956 4.5906 -10.0763
4 16 3.6956 4.5906 -10.0763 4 4.502 -8.518 6 4.502 -8.518 5.6195 4.6128 -10.4658
4 16 3.5 4.6076 -10.3742 5.5434 4.4609 -10.9004 4.7152 3.9694 -12.3076 3.5 3.9694 -12.3076
3 16 3.5 4.6076 -10.3742 5.6195 4.6128 -10.4658 5.5434 4.4609 -10.9004
4 16 4 -6.1479 -11.2716 4 4.502 -8.518 3.6956 4.5906 -10.0763 3.696 -5.7641 -12.7544
4 16 3.696 -5.7641 -12.7544 3.6956 4.5906 -10.0763 3.5 4.6076 -10.3742 3.5 -5.691 -13.0376
4 16 3.5 -5.3367 -14.4079 3.5 -5.691 -13.0376 3.5 4.6076 -10.3742 3.5 3.9694 -12.3076
3 16 3.5 3.9694 -12.3076 3.5 2.6705 -13.7632 3.5 2.119 -14.0291
4 16 3.5 2.119 -14.0291 3.5 -3.5089 -15.4846 3.5 -5.3367 -14.4079 3.5 3.9694 -12.3076
2 24 3.5 2.119 -14.0291 3.5 -3.5089 -15.4846
5 24 4 4.502 -8.518 6 4.502 -8.518 3.6956 4.1188 -7.036 5.6195 4.6128 -10.4658
5 24 3.5 4.6076 -10.3742 5.6195 4.6128 -10.4658 6 4.502 -8.518 4.7152 3.9694 -12.3076
5 24 3.696 -5.7641 -12.7544 3.6956 4.5906 -10.0763 3.5 -5.691 -13.0376 4 -6.1479 -11.2716
5 24 3.5 3.9694 -12.3076 4.7152 3.9694 -12.3076 3.5 4.6076 -10.3742 4.2426 3.122 -13.2571
5 24 3.5 2.6705 -13.7632 3.6787 2.6705 -13.7632 3.5 2.119 -14.0291 3.5 3.9694 -12.3076
5 24 5.5434 4.4609 -10.9004 5.5434 -5.5729 -13.4946 6 -6.1479 -11.2716 4.9134 -5.3367 -14.4079
5 24 4.2426 -4.6969 -15.2792 4.2426 3.122 -13.2571 4.7152 3.9694 -12.3076 3.6787 2.6705 -13.7632
2 24 4 -6.1479 -11.2716 3.696 -5.7641 -12.7544
2 24 3.696 -5.7641 -12.7544 3.5 -5.691 -13.0376
2 24 3.5 -5.3367 -14.4079 3.5 -5.691 -13.0376
2 24 5.5434 -5.5729 -13.4946 4.9134 -5.3367 -14.4079
2 24 5.5434 -5.5729 -13.4946 6 -6.1479 -11.2716
5 24 3.5 -4.0933 -15.5178 3.6708 -4.0933 -15.5178 3.5 -3.5089 -15.4846 3.5 -4.6459 -15.3248
5 24 3.5 -4.6459 -15.3248 4.2426 -4.6969 -15.2792 3.5 -4.0933 -15.5178 3.5 -5.0825 -14.9351
5 24 4.5298 -5.0825 -14.9351 3.5 -5.0825 -14.9351 3.5 -5.3367 -14.4079 3.5 -4.6459 -15.3248
5 24 4.9134 -5.3367 -14.4079 3.5 -5.3367 -14.4079 3.5 -5.691 -13.0376 3.5 -5.0825 -14.9351
5 24 -3.5 -4.6459 -15.3248 -3.6708 -4.0933 -15.5178 -4.2426 -4.6969 -15.2792 -3.5 -4.0933 -15.5178
