0 ~Slope Brick Curved  2 x  1 without Top Surface
0 Name: s\11477s01.dat
0 Author: Owen Burgoyne [C3POwen]
0 !LDRAW_ORG Subpart UPDATE 2013-01
0 !LICENSE Redistributable under CCAL version 2.0 : see CAreadme.txt

0 BFC CERTIFY CCW

0 !HISTORY 2013-07-21 [PTadmin] Official Update 2013-01

1 16 0 -12 20 -10 0 0 0 0 -4 0 -1 0 rect.dat
4 16 6 -8 16 -6 -8 16 -10 -8 20 10 -8 20
4 16 -6 -8 16 -6 -8 0 -10 -8 0 -10 -8 20
4 16 10 -8 20 10 -8 0 6 -8 0 6 -8 16
2 24 -10 -8 20 -10 -8 0
2 24 10 -8 20 10 -8 0
2 24 -10 -8 0 -6 -8 0
2 24 10 -8 0 6 -8 0
0 BFC INVERTNEXT
1 16 0 -8 13 -6 0 0 0 -4 0 0 0 3 box4-4a.dat
2 24 -6 -8 10 -6 -8 0
2 24 6 -8 10 6 -8 0
3 16 -6 -12 10 -6 -10 4 -6 -8 10
4 16 -6 -10 0 -6 -8 0 -6 -8 10 -6 -10 4
3 16 6 -8 10 6 -10 4 6 -12 10
4 16 6 -10 4 6 -8 10 6 -8 0 6 -10 0
0 BFC INVERTNEXT
1 16 0 -12 10 0 0 -6 0 2 0 6 0 0 1-4cyls2.dat
0 BFC INVERTNEXT
1 16 0 -12 10 0 0 6 0 2 0 6 0 0 1-4cyls2.dat
1 16 0 -12 10 -6 0 0 0 -3 0 0 0 -6 2-4edge.dat
1 16 0 -12 10 -6 0 0 0 -3 0 0 0 -6 2-4disc.dat
1 16 0 -12 10 -6 0 0 0 -3 2 0 0 -6 2-4edge.dat
1 16 0 -12 10 -6 0 0 0 -3 2 0 0 -6 2-4ndis.dat
2 24 -6 -12 10 -6 -10 4
2 24 6 -12 10 6 -10 4
2 24 -1.5 -10 4 -6 -10 4
2 24 1.5 -10 4 6 -10 4
0 BFC INVERTNEXT
1 16 -3.75 -9 2 -2.25 0 0 0 -1 0 0 0 -2 box2-9.dat
1 16 0 -10 2 1.5 0 0 0 2 0 0 0 2 box4-1.dat
0 BFC INVERTNEXT
1 16 3.75 -9 2 2.25 0 0 0 -1 0 0 0 -2 box2-9.dat
1 16 0 -4 0 10 0 0 0 0 4 0 -1 0 recte3.dat
3 16 -10 -8 0 -6 -8 0 -10 0 0
4 16 -10 0 0 -6 -8 0 -1.5 -8 0 0 0 0
3 16 0 0 0 -1.5 -8 0 1.5 -8 0
4 16 0 0 0 1.5 -8 0 6 -8 0 10 0 0
3 16 10 0 0 6 -8 0 10 -8 0
4 16 -6 0 -4 -10 0 0 10 0 0 6 0 -4
4 16 -6 0 -16 -10 0 -20 -10 0 0 -6 0 -4
4 16 6 0 -16 10 0 -20 -10 0 -20 -6 0 -16
4 16 6 0 -4 10 0 0 10 0 -20 6 0 -16
1 16 0 0 -10 6 0 0 0 -1 0 0 0 -6 recte3.dat
1 16 0 0 -10 10 0 0 0 -1 0 0 0 -10 recte3.dat
3 16 -6 0 -4 -6 -7 -4 -6 -4 -10
3 16 6 -4 -10 6 -7 -4 6 0 -4
4 16 -6 0 -4 -6 -4 -10 -6 -2 -16 -6 0 -16
4 16 6 0 -16 6 -2 -16 6 -4 -10 6 0 -4
0 BFC INVERTNEXT
1 16 0 -2 -7 6 0 0 0 -1.5 -3.5 0 3 0 box2-5.dat
0 BFC INVERTNEXT
1 16 0 -4 -10 0 0 -6 0 2 0 6 0 0 1-4cyls2.dat
0 BFC INVERTNEXT
1 16 0 -4 -10 0 0 6 0 2 0 6 0 0 1-4cyls2.dat
1 16 0 -4 -10 -6 0 0 0 -3 0 0 0 -6 2-4edge.dat
1 16 0 -4 -10 -6 0 0 0 -3 0 0 0 -6 2-4disc.dat
1 16 0 -4 -10 -6 0 0 0 -3 2 0 0 -6 2-4edge.dat
1 16 0 -4 -10 -6 0 0 0 -3 2 0 0 -6 2-4ndis.dat
2 24 -6 -2 -16 -6 -4 -10
2 24 6 -2 -16 6 -4 -10
1 16 0 -1 -16 -6 0 0 0 0 -1 0 -1 0 rect3.dat
1 16 0 -2 -20 10 0 0 0 0 -2 0 1 0 rect3.dat
0 // Sides
3 16 -10 -16 20 -10 -8 20 -10 -8 0
3 16 10 -16 20 10 -8 0 10 -8 20
4 16 -10 0 -20 -10 -4 -20 -10 -8 0 -10 0 0
4 16 10 0 0 10 -8 0 10 -4 -20 10 0 -20
3 16 -10 -4 -20 -10 -16 20 -10 -8 0
3 16 10 -8 0 10 -16 20 10 -4 -20
1 16 -10 24.9719 20 0 1 0 -40.97 0 0 0 0 -56.57 48\1-8chrd.dat
1 16 10 24.9719 20 0 -1 0 -28.9702 0 -28.9702 -40 0 40 48\1-8chrd.dat
1 16 -10 24.972 20 0 -1 0 -28.9719 0 -28.9719 -40 0 40 48\1-8edge.dat
1 16 10 24.972 20 0 -1 0 -28.9719 0 -28.9719 -40 0 40 48\1-8edge.dat
