0 ~Brick  1 x  2 x  5 with Hollow Studs and Asymmetric Inner Ridges - Hollow Studs
0 Name: s\2454as02.dat
0 Author: Vincent Messenet [Cheenzo]
0 !LDRAW_ORG Subpart UPDATE 2020-03
0 !LICENSE Redistributable under CCAL version 2.0 : see CAreadme.txt

0 BFC CERTIFY CCW

0 !HISTORY 2020-12-29 [PTadmin] Official Update 2020-03

0 BFC INVERTNEXT
1 16 10 0 0 3.69551 0 -1.53073 0 4 0 1.53073 0 3.69551 3-8cyli.dat
0 BFC INVERTNEXT
1 16 10 0 0 3.69551 0 -1.53073 0 4 0 -1.53073 0 -3.69551 3-8cyli.dat
0 BFC INVERTNEXT
1 16 -10 0 0 3.69551 0 -1.53073 0 4 0 1.53073 0 3.69551 3-8cyli.dat
0 BFC INVERTNEXT
1 16 -10 0 0 3.69551 0 -1.53073 0 4 0 -1.53073 0 -3.69551 3-8cyli.dat
1 16 10 4 0 3.69551 0 -1.53073 0 1 0 1.53073 0 3.69551 3-8edge.dat
1 16 10 4 0 3.69551 0 -1.53073 0 1 0 -1.53073 0 -3.69551 3-8edge.dat
1 16 -10 4 0 3.69551 0 -1.53073 0 1 0 1.53073 0 3.69551 3-8edge.dat
1 16 -10 4 0 3.69551 0 -1.53073 0 1 0 -1.53073 0 -3.69551 3-8edge.dat
1 16 10 0 0 1 0 0 0 1 0 0 0 1 stud2a.dat
1 16 -10 0 0 1 0 0 0 1 0 0 0 1 stud2a.dat
1 16 10 0 0 6 0 0 0 1 0 0 0 6 4-4edge.dat
1 16 -10 0 0 6 0 0 0 1 0 0 0 6 4-4edge.dat
1 16 10 0 0 -3.69552 0 -1.53072 0 1 0 -1.53072 0 3.69552 1-8chrd.dat
1 16 10 0 0 3.69552 0 1.53072 0 1 0 -1.53072 0 3.69552 1-8chrd.dat
1 16 10 4 0 -3.69552 0 -1.53072 0 -1 0 -1.53072 0 3.69552 1-8chrd.dat
1 16 10 4 0 3.69552 0 1.53072 0 -1 0 -1.53072 0 3.69552 1-8chrd.dat
1 16 10 0 0 -3.69552 0 -1.53072 0 1 0 -1.53072 0 3.69552 1-8edge.dat
1 16 10 0 0 3.69552 0 1.53072 0 1 0 -1.53072 0 3.69552 1-8edge.dat
1 16 6.30448 2 0 0 7.39104 0 -2 0 0 0 0 1.53072 box4o8a.dat
1 16 -10 0 0 -3.69552 0 -1.53072 0 1 0 -1.53072 0 3.69552 1-8chrd.dat
1 16 -10 0 0 3.69552 0 1.53072 0 1 0 -1.53072 0 3.69552 1-8chrd.dat
1 16 -10 4 0 -3.69552 0 -1.53072 0 -1 0 -1.53072 0 3.69552 1-8chrd.dat
1 16 -10 4 0 3.69552 0 1.53072 0 -1 0 -1.53072 0 3.69552 1-8chrd.dat
1 16 -10 0 0 -3.69552 0 -1.53072 0 1 0 -1.53072 0 3.69552 1-8edge.dat
1 16 -10 0 0 3.69552 0 1.53072 0 1 0 -1.53072 0 3.69552 1-8edge.dat
1 16 -13.69552 2 0 0 7.39104 0 -2 0 0 0 0 1.53072 box4o8a.dat
1 16 10 4 0 4 0 0 0 -1 0 0 0 4 4-4ndis.dat
1 16 -10 4 0 4 0 0 0 -1 0 0 0 4 4-4ndis.dat
4 16 -14 4 4 -14 4 -4 -16 4 -6 -16 4 6
4 16 14 4 -4 14 4 4 16 4 6 16 4 -6
4 16 -6 4 -4 -6 4 4 6 4 4 6 4 -4
4 16 14 4 -4 16 4 -6 -16 4 -6 -14 4 -4
4 16 14 4 4 -14 4 4 -16 4 6 16 4 6
1 16 10 0 0 6 0 0 0 1 0 0 0 6 4-4ndis.dat
1 16 -10 0 0 6 0 0 0 1 0 0 0 6 4-4ndis.dat
4 16 -16 0 6 16 0 6 20 0 10 -20 0 10
4 16 -16 0 -6 -16 0 6 -20 0 10 -20 0 -10
4 16 16 0 -6 -16 0 -6 -20 0 -10 20 0 -10
4 16 16 0 6 16 0 -6 20 0 -10 20 0 10
4 16 -4 0 6 -4 0 -6 4 0 -6 4 0 6
2 24 6.3044 0 -1.5308 6.3044 4 -1.5308
2 24 6.3044 4 1.5308 6.3044 0 1.5308
2 24 13.695474 0 1.53073 13.695474 4 1.53073
2 24 13.69551 0 -1.53073 13.69551 4 -1.53073
2 24 -6.30449 0 -1.53073 -6.30449 4 -1.53073
2 24 -6.304526 0 1.53073 -6.304526 4 1.53073
2 24 -13.6956 0 1.5308 -13.6956 4 1.5308
2 24 -13.6956 0 -1.5308 -13.6956 4 -1.5308
