0 ~Wedge  2 x  6 Double Left without Sloped Faces
0 Name: s\41748s01.dat
0 Author: Franklin W. Cain [fwcain]
0 !LDRAW_ORG Subpart UPDATE 2012-01
0 !LICENSE Redistributable under CCAL version 2.0 : see CAreadme.txt

0 BFC CERTIFY CCW

0 !HISTORY 2002-07-01 [OrionP] Fixed gap near one of the studs...
0 !HISTORY 2002-07-04 [BrickCaster] Fixed "gap" in quad
0 !HISTORY 2004-04-22 [PTadmin] Official Update 2004-02
0 !HISTORY 2007-09-05 [PTadmin] Header formatted for Contributor Agreement
0 !HISTORY 2008-07-01 [PTadmin] Official Update 2008-01
0 !HISTORY 2012-02-20 [Wesley] full rebuilt
0 !HISTORY 2012-03-30 [PTadmin] Official Update 2012-01

2 24 30 24 20 -10 24 20
2 24 26 24 16 -6 24 16
4 16 30 24 20 26 24 16 -6 24 16 -10 24 20
2 24 -10 24 20 -10 24 -100
2 24 -6 24 16 -6 24 -96
4 16 -10 24 20 -6 24 16 -6 24 -96 -10 24 -100
2 24 30 24 -20 30 24 20
2 24 26 24 -19.51 26 24 16
4 16 30 24 -20 26 24 -19.51 26 24 16 30 24 20
2 24 10 24 -100 -10 24 -100
2 24 6.877 24 -96 -6 24 -96
4 16 -10 24 -100 -6 24 -96 6.877 24 -96 10 24 -100
2 24 28.4019 24 -26.39243 30 24 -20
2 24 24.52161 24 -25.42208 26 24 -19.51
2 24 28.4019 24 -26.39243 24.52161 24 -25.42208
4 16 30 24 -20 28.4019 24 -26.39243 24.52161 24 -25.42208 26 24 -19.51
2 24 19.91223 24 -43.86044 21.82796 24 -36.19655
2 24 23.79232 24 -44.83073 25.70828 24 -37.1669
2 24 21.82796 24 -36.19655 25.70828 24 -37.1669
2 24 19.91223 24 -43.86044 23.79232 24 -44.83073
4 16 19.91223 24 -43.86044 21.82796 24 -36.19655 25.70828 24 -37.1669 23.79232 24 -44.83073
0 // stud 4 bottom
2 24 18.94769 24 -64.20925 20.91349 24 -56.34605
2 24 18.94769 24 -64.20925 16.95692 24 -63.71142
2 24 20.91349 24 -56.34605 16.20911 24 -55.16963
2 24 16.20911 24 -55.16963 15.6568 24 -54.3432
2 24 15.6568 24 -54.3432 13.0616 24 -52.6088
2 24 13.0616 24 -52.6088 10 24 -52
1 16 10 24 -60 0 0 -8 0 1 0 8 0 0 2-4edge.dat
2 24 10 24 -68 13.0616 24 -67.3912
2 24 13.0616 24 -67.3912 15.6568 24 -65.6568
2 24 15.6568 24 -65.6568 16.95692 24 -63.71142
1 16 10 24 -60 6 0 0 0 1 0 0 0 6 4-4edge.dat
4 16 18.94769 24 -64.20925 16.95692 24 -63.71142 15.5434 24 -62.2962 16 24 -60
4 16 18.94769 24 -64.20925 16 24 -60 15.5434 24 -57.7038 20.91349 24 -56.34605
4 16 20.91349 24 -56.34605 15.5434 24 -57.7038 14.2426 24 -55.7574 16.20911 24 -55.16963
3 16 14.2426 24 -55.7574 15.6568 24 -54.3432 16.20911 24 -55.16963
4 16 14.2426 24 -55.7574 12.2962 24 -54.4566 13.0616 24 -52.6088 15.6568 24 -54.3432
4 16 12.2962 24 -54.4566 10 24 -54 10 24 -52 13.0616 24 -52.6088
1 16 10 24 -60 0 0 -2 0 -1 0 2 0 0 2-4ring3.dat
4 16 10 24 -66 12.2962 24 -65.5434 13.0616 24 -67.3912 10 24 -68
4 16 12.2962 24 -65.5434 14.2426 24 -64.2426 15.6568 24 -65.6568 13.0616 24 -67.3912
4 16 14.2426 24 -64.2426 15.5434 24 -62.2962 16.95692 24 -63.71142 15.6568 24 -65.6568
0 // stud 5 bottom
2 24 10 24 -100 16.208 24 -75.16797
2 24 6.877 24 -96 8.930236 24 -87.78728
2 24 9.406569 24 -85.882 12.26457 24 -74.45031
2 24 16.208 24 -75.16797 15.6568 24 -74.3432
2 24 15.6568 24 -74.3432 13.0616 24 -72.6088
2 24 13.0616 24 -72.6088 10 24 -72
1 16 10 24 -80 0 0 -8 0 1 0 8 0 0 1-4edge.dat
2 24 2 24 -80 2.6088 24 -83.0616
2 24 2.6088 24 -83.0616 4.3432 24 -85.6568
2 24 4.3432 24 -85.6568 6.9384 24 -87.3912
2 24 6.9384 24 -87.3912 8.930236 24 -87.78728
2 24 12.26457 24 -74.45031 10 24 -74
1 16 10 24 -80 0 0 -6 0 1 0 6 0 0 1-4edge.dat
2 24 4 24 -80 4.4566 24 -82.2962
2 24 4.4566 24 -82.2962 5.7574 24 -84.2426
2 24 5.7574 24 -84.2426 7.7038 24 -85.5434
2 24 7.7038 24 -85.5434 9.406569 24 -85.882
3 16 10 24 -100 6.877 24 -96 8.930236 24 -87.78728
4 16 10 24 -100 8.930236 24 -87.78728 9.406569 24 -85.882 16.208 24 -75.16797
4 16 9.406569 24 -85.882 12.26457 24 -74.45031 15.6568 24 -74.3432 16.208 24 -75.16797
3 16 12.26457 24 -74.45031 13.0616 24 -72.6088 15.6568 24 -74.3432
4 16 12.26457 24 -74.45031 10 24 -74 10 24 -72 13.0616 24 -72.6088
1 16 10 24 -80 0 0 -2 0 -1 0 2 0 0 1-4ring3.dat
4 16 4 24 -80 4.4566 24 -82.2962 2.6088 24 -83.0616 2 24 -80
4 16 4.4566 24 -82.2962 5.7574 24 -84.2426 4.3432 24 -85.6568 2.6088 24 -83.0616
4 16 5.7574 24 -84.2426 7.7038 24 -85.5434 6.9384 24 -87.3912 4.3432 24 -85.6568
4 16 7.7038 24 -85.5434 9.406569 24 -85.882 8.930236 24 -87.78728 6.9384 24 -87.3912
0 // outer rear surface
2 24 -10 24 20 -10 0 20
2 24 -10 0 20 10 0 20
2 24 10 0 20 30 20 20
2 24 30 20 20 30 24 20
3 16 -10 24 20 -10 0 20 10 0 20
4 16 -10 24 20 10 0 20 30 20 20 30 24 20
0 // inner rear surface
2 24 -6 24 16 -6 4 16
2 24 -6 4 16 8.3442 4 16
2 24 8.3442 4 16 26 21.6558 16
2 24 26 21.6558 16 26 24 16
4 16 26 21.6558 16 8.3442 4 16 -6 4 16 -6 24 16
3 16 26 24 16 26 21.6558 16 -6 24 16
0 // inner right surface
2 24 -6 4 16 -6 4 -20
2 24 -6 4 -20 -6 6 -40
2 24 -6 6 -40 -6 10 -60
2 24 -6 10 -60 -6 16 -80
2 24 -6 16 -80 -6 20 -90.1314
4 16 -6 24 16 -6 20 -90.1314 -6 20 -96 -6 24 -96
4 16 -6 24 16 -6 10 -60 -6 16 -80  -6 20 -90.1314
4 16 -6 24 16 -6 4 -20 -6 6 -40 -6 10 -60
3 16 -6 24 16 -6 4 16 -6 4 -20
0 // outer right surface
2 24 -10 0 -20 -10 0 20
2 24 -10 0 -20 -10 2 -40
2 24 -10 2 -40 -10 6 -60
2 24 -10 6 -60 -10 12 -80
2 24 -10 12 -80 -10 20 -100
2 24 -10 20 -100 -10 24 -100
4 16 -10 24 -100 -10 20 -100 -10 12 -80 -10 24 20
4 16 -10 12 -80 -10 6 -60 -10 2 -40 -10 24 20
4 16 -10 2 -40 -10 0 -20 -10 0 20 -10 24 20
2 24 10 0 -20 10 0 20
2 24 10 0 -20 10 2 -40
2 24 10 2 -40 10 6 -60
2 24 10 6 -60 10 12 -80
2 24 10 12 -80 10 20 -100
2 24 10 20 -100 10 24 -100
0 // inner front surface
4 16 -6 24 -96 -6 20 -96 6.877 20 -96 6.877 24 -96
2 24 -6 24 -96 -6 20 -96
2 24 -6 20 -96 6.877 20 -96
2 24 6.877 20 -96 6.877 24 -96
0 // outer front surface
2 24 -10 20 -100 10 20 -100
4 16 10 24 -100 10 20 -100 -10 20 -100 -10 24 -100
0 // inner left surface
2 24 6.877 20 -96 8.3442 20 -90.1314
2 24 8.3442 20 -90.1314 8.930252 20.38311 -87.78724
4 16 6.877 24 -96 6.877 20 -96 8.3442 20 -90.1314 8.930252 24 -87.78724
3 16 8.3442 20 -90.1314 8.930252 20.38311 -87.78724 8.930252 24 -87.78724
0 // stud 5
4 16 4.343 14.3029 -74.343 6.938 13.7827 -72.609 6.938 24 -72.609 4.343 24 -74.343
4 16 10 24 -72 6.938 24 -72.609 6.938 13.7827 -72.609 8.3442 13.6988 -72.32932
4 16 2.609 17.20891 -83.062 2 16 -80 2 24 -80 2.609 24 -83.062
4 16 2 16 -80 2.609 15.0814 -76.938 2.609 24 -76.938 2 24 -80
3 16 8.3442 13.6988 -72.32932 10 16.16205 -72 10 24 -72
3 16 8.930252 24 -87.78724 8.930252 20.38311 -87.78724 8.3442 19.02848 -87.67068
4 16 4.343 24 -74.343 2.609 24 -76.938 2.609 15.0814 -76.938 4.343 14.3029 -74.343
4 16 4.343 18.23345 -85.657 2.609 17.20891 -83.062 2.609 24 -83.062 4.343 24 -85.657
4 16 8.3442 19.02848 -87.67068 6.938 18.91806 -87.391 6.938 24 -87.391 8.930252 24 -87.78724
4 16 6.938 18.91806 -87.391 4.343 18.23345 -85.657 4.343 24 -85.657 6.938 24 -87.391
4 16 10 24 -72 10 16.16205 -72 11.26277 18.1913 -72.25115 12.03443 20 -72.40455
4 16 10 24 -72 12.03443 20 -72.40455 13.0616 20 -72.6088 13.0616 24 -72.6088
4 16 15.6568 24 -74.3432 13.0616 24 -72.6088 13.0616 20 -72.6088 15.6568 20 -74.3432
4 16 16.208 24 -75.16797 15.6568 24 -74.3432 15.6568 20 -74.3432 16.208 20 -75.16797
2 24 2.609 15.0814 -76.938 4.343 14.3029 -74.343
2 24 2 16 -80 2.609 15.0814 -76.938
2 24 6.938 13.7827 -72.609 8.3442 13.6988 -72.32932
2 24 4.343 14.3029 -74.343 6.938 13.7827 -72.609
2 24 2.609 17.20891 -83.062 2 16 -80
2 24 4.343 18.23345 -85.657 2.609 17.20891 -83.062
2 24 4.343 18.23345 -85.657 6.938 18.91806 -87.391
2 24 6.938 18.91806 -87.391 8.3442 19.02848 -87.67068
2 24 8.3442 19.02848 -87.67068 8.930252 20.38311 -87.78724
2 24 11.26277 18.1913 -72.25115 12.03443 20 -72.40455
2 24 10 16.16205 -72 11.26277 18.1913 -72.25115
2 24 8.3442 13.6988 -72.32932 10 16.16205 -72
2 24 8.930252 20.38311 -87.78724 8.930252 24 -87.78724
5 24 6.938 13.7827 -72.609 6.938 24 -72.609 4.343 14.3029 -74.343 10 24 -72
5 24 4.343 24 -74.343 4.343 14.3029 -74.343 6.938 13.7827 -72.609 2.609 24 -76.938
5 24 2 16 -80 2 24 -80 2.609 17.2089 -83.062 2.609 15.0814 -76.938
5 24 2.609 24 -83.062 2.609 17.2089 -83.062 2 16 -80 4.343 18.2335 -85.657
5 24 2.609 15.0814 -76.938 2.609 24 -76.938 2 16 -80 4.343 24 -74.343
5 24 10 16.1621 -72 10 24 -72 8.3442 13.6988 -72.3293 11.2628 18.1913 -72.2511
5 24 4.343 24 -85.657 4.343 18.2335 -85.657 2.609 17.2089 -83.062 6.938 18.9181 -87.391
5 24 6.938 18.9181 -87.391 6.938 24 -87.391 8.3442 19.0285 -87.6707 4.343 18.2335 -85.657
5 24 13.0616 20 -72.6088 13.0616 24 -72.6088 10 24 -72 15.6568 24 -74.3432
5 24 15.6568 20 -74.3432 15.6568 24 -74.3432 13.0616 24 -72.6088 16.208 24 -75.168
0 //
3 16 7.704 18.18844 -85.543 8.3442 18.23875 -85.67043 9.406599 20.69451 -85.88189
4 16 5.757 17.67519 -84.243 7.704 18.18844 -85.543 7.704 24 -85.543 5.757 24 -84.243
4 16 4.457 16.90649 -82.296 5.757 17.67519 -84.243 5.757 24 -84.243 4.457 24 -82.296
3 16 7.704 24 -74.457 10 24 -74 10 16.76205 -74
4 16 4 16 -80 4.457 16.90649 -82.296 4.457 24 -82.296 4 24 -80
4 16 4.457 15.3112 -77.704 4 16 -80 4 24 -80 4.457 24 -77.704
4 16 7.704 14.3371 -74.457 5.757 14.7271 -75.757 5.757 24 -75.757 7.704 24 -74.457
4 16 10 16.76205 -74 8.3442 14.29887 -74.32957 7.704 14.3371 -74.457 7.704 24 -74.457
4 16 5.757 14.7271 -75.757 4.457 15.3112 -77.704 4.457 24 -77.704 5.757 24 -75.757
4 16 9.406599 20.69451 -85.88189 9.406599 24 -85.88189 7.704 24 -85.543 7.704 18.18844 -85.543
4 16 12.26442 21.6558 -74.45071 10.56194 17.66511 -74.11185 10 16.76205 -74 10 24 -74
3 16 10 24 -74 12.26446 24 -74.45072 12.26446 21.6558 -74.45072
2 24 12.26446 21.6558 -74.45072 12.26446 24 -74.45072
2 24 4.457 15.3112 -77.704 5.757 14.7271 -75.757
2 24 4 16 -80 4.457 15.3112 -77.704
2 24 7.704 14.3371 -74.457 8.3442 14.29887 -74.32957
2 24 5.757 14.7271 -75.757 7.704 14.3371 -74.457
2 24 4.457 16.90649 -82.296 4 16 -80
2 24 5.757 17.67519 -84.243 4.457 16.90649 -82.296
2 24 5.757 17.67519 -84.243 7.704 18.18844 -85.543
2 24 7.704 18.18844 -85.543 8.3442 18.23875 -85.67043
2 24 8.3442 18.23875 -85.67043 9.406599 20.69451 -85.88189
2 24 10.56194 17.66511 -74.11185 12.26442 21.6558 -74.45071
2 24 10 16.76205 -74 10.56194 17.66511 -74.11185
2 24 8.3442 14.29887 -74.32957 10 16.76205 -74
2 24 9.406599 20.69451 -85.88189 9.406599 24 -85.88189
5 24 7.704 18.1884 -85.543 7.704 24 -85.543 5.757 17.6752 -84.243 9.4066 20.6945 -85.8819
5 24 5.757 24 -84.243 5.757 17.6752 -84.243 7.704 18.1884 -85.543 4.457 16.9065 -82.296
5 24 4.457 24 -82.296 4.457 16.9065 -82.296 5.757 17.6752 -84.243 4 16 -80
5 24 10 24 -74 10 16.762 -74 7.704 24 -74.457 12.2644 21.6558 -74.4507
5 24 4 24 -80 4 16 -80 4.457 16.9065 -82.296 4.457 15.3112 -77.704
5 24 4.457 24 -77.704 4.457 15.3112 -77.704 4 16 -80 5.757 14.7271 -75.757
5 24 5.757 14.7271 -75.757 5.757 24 -75.757 7.704 14.3371 -74.457 4.457 15.3112 -77.704
5 24 7.704 24 -74.457 7.704 14.3371 -74.457 5.757 14.7271 -75.757 10 16.762 -74
0 //
2 24 9.406599 20.69451 -85.88189 10.8771 21.6558 -80
2 24 10.8771 21.6558 -80 12.26446 21.6558 -74.45072
3 16 9.406599 24 -85.88189 9.406599 20.69451 -85.88189 10.8771 21.6558 -80
3 16 9.406599 24 -85.88189 10.8771 21.6558 -80 12.26446 24 -74.45072
3 16 12.26446 21.6558 -74.45072 12.26446 24 -74.45072 10.8771 21.6558 -80
0 // outer left surface
4 16 16.208 24 -75.16797 16.208 20 -75.16797 10 20 -100 10 24 -100
2 24 10 20 -100 16.208 20 -75.16797
0 // link stud 5 to stud 4
4 16 16.208 20 -75.16797 15.6568 20 -65.6568 16.95692 20 -63.71142 18.94769 20 -64.20925
4 16 16.208 20 -75.168 15.6568 20 -74.3432 13.3331 20 -67.2097 15.6568 20 -65.6568
3 16 15.6568 20 -74.3432 13.0616 20 -72.6088 13.3331 20 -67.2097
3 16 13.0616 20 -72.6088 12.0344 20 -72.4046 13.3331 20 -67.2097
2 24 18.94769 20 -64.20925 16.95692 20 -63.71142
2 24 13.3331 20 -67.2097 12.0344 20 -72.4046
2 24 12.03443 20 -72.40455 13.0616 20 -72.6088
2 24 13.0616 20 -72.6088 15.6568 20 -74.3432
2 24 15.6568 20 -74.3432 16.208 20 -75.16797
2 24 16.208 20 -75.16797 18.94769 20 -64.20925
2 24 16.208 20 -75.16797 16.208 24 -75.16797
4 16 18.94769 20 -64.20925 16.95692 20 -63.71142 16.95692 24 -63.71142 18.94769 24 -64.20925
2 24 18.94769 20 -64.20925 18.94769 24 -64.20925
2 24 16.95692 20 -63.71142 16.95692 24 -63.71142
4 16 20.91349 24 -56.34605 20.91349 20 -56.34605 18.94769 20 -64.20925 18.94769 24 -64.20925
2 24 18.94769 20 -64.20925 20.91349 20 -56.34605
4 16 20.91349 24 -56.34605 16.20911 24 -55.16963 16.20911 20 -55.16963 20.91349 20 -56.34605
2 24 16.20911 20 -55.16963 16.20911 24 -55.16963
2 24 16.20911 20 -55.16963 20.91349 20 -56.34605
2 24 20.91349 20 -56.34605 20.91349 24 -56.34605
0 // stud 4
4 16 15.6568 24 -54.3432 16.06754 20 -54.9578 16.20911 20 -55.16963 16.20911 24 -55.16963
3 16 15.657 19.12694 -54.343 16.06754 20 -54.9578 15.6568 24 -54.3432
4 16 13.062 14.44088 -52.609 15.657 19.12694 -54.343 15.6568 24 -54.3432 13.0616 24 -52.6088
4 16 10 24 -52 12.98529 14.31629 -52.59374 13.062 14.44088 -52.609 13.0616 24 -52.6088
3 16 10 10.46839 -52 12.98529 14.31629 -52.59374 10 24 -52
4 16 8.3442 8.465864 -52.32932 10 10.46839 -52 10 24 -52 6.9384 24 -52.6088
3 16 6.938 8.5218 -52.609 8.3442 8.465864 -52.32932 6.9384 24 -52.6088
4 16 4.343 8.8686 -54.343 6.938 8.5218 -52.609 6.9384 24 -52.6088 4.3432 24 -54.3432
4 16 2.609 9.3876 -56.938 4.343 8.8686 -54.343 4.3432 24 -54.3432 2.6088 24 -56.9384
4 16 2 24 -60 2 10 -60 2.609 9.3876 -56.938 2.6088 24 -56.9384
4 16 2.6088 24 -63.0616 2.609 10.9186 -63.062 2 10 -60 2 24 -60
4 16 4.3432 24 -65.6568 4.343 11.6971 -65.657 2.609 10.9186 -63.062 2.6088 24 -63.0616
4 16 6.9384 24 -67.3912 6.938 12.2173 -67.391 4.343 11.6971 -65.657 4.3432 24 -65.6568
3 16 8.3442 12.3012 -67.67068 6.938 12.2173 -67.391 6.9384 24 -67.3912
4 16 10 24 -68 10 14.96205 -68 8.3442 12.3012 -67.67068 6.9384 24 -67.3912
4 16 13.0616 24 -67.3912 13.062 19.51724 -67.391 10 14.96205 -68 10 24 -68
3 16 13.0616 24 -67.3912 13.10385 19.57361 -67.36304 13.062 19.51724 -67.391
3 16 13.33313 20 -67.20973 13.10385 19.57361 -67.36304 13.0616 24 -67.3912
4 16 15.6568 20 -65.6568 13.33313 20 -67.20973 13.0616 24 -67.3912 15.6568 24 -65.6568
4 16 16.95692 24 -63.71142 16.95692 20 -63.71142 15.6568 20 -65.6568 15.6568 24 -65.6568
2 24 16.06754 20 -54.9578 16.20911 20 -55.16963
2 24 15.657 19.12694 -54.343 16.06754 20 -54.9578
2 24 13.062 14.44088 -52.609 15.657 19.12694 -54.343
2 24 12.98529 14.31629 -52.59374 13.062 14.44088 -52.609
2 24 10 10.46839 -52 12.98529 14.31629 -52.59374
2 24 8.3442 8.465864 -52.32932 10 10.46839 -52
2 24 6.938 8.5218 -52.609 8.3442 8.465864 -52.32932
2 24 4.343 8.8686 -54.343 6.938 8.5218 -52.609
2 24 2.609 9.3876 -56.938 4.343 8.8686 -54.343
2 24 2 10 -60 2.609 9.3876 -56.938
2 24 2.609 10.9186 -63.062 2 10 -60
2 24 4.343 11.6971 -65.657 2.609 10.9186 -63.062
2 24 4.343 11.6971 -65.657 6.938 12.2173 -67.391
2 24 6.938 12.2173 -67.391 8.3442 12.3012 -67.67068
2 24 8.3442 12.3012 -67.67068 10 14.96205 -68
2 24 10 14.96205 -68 13.062 19.51724 -67.391
2 24 13.062 19.51724 -67.391 13.10385 19.57361 -67.36304
2 24 13.10385 19.57361 -67.36304 13.33313 20 -67.20973
2 24 13.33313 20 -67.20973 15.6568 20 -65.6568
2 24 15.6568 20 -65.6568 16.95692 20 -63.71142
5 24 15.6568 24 -54.3432 15.657 19.1269 -54.343 16.0675 20 -54.9578 13.062 14.4409 -52.609
5 24 13.0616 24 -52.6088 13.062 14.4409 -52.609 15.657 19.1269 -54.343 10 24 -52
5 24 10 24 -52 10 10.4684 -52 12.9853 14.3163 -52.5937 8.3442 8.46586 -52.3293
5 24 6.9384 24 -52.6088 6.938 8.5218 -52.609 8.3442 8.46586 -52.3293 4.343 8.8686 -54.343
5 24 4.3432 24 -54.3432 4.343 8.8686 -54.343 6.938 8.5218 -52.609 2.609 9.3876 -56.938
5 24 2.6088 24 -56.9384 2.609 9.3876 -56.938 4.343 8.8686 -54.343 2 24 -60
5 24 2 24 -60 2 10 -60 2.609 9.3876 -56.938 2.6088 24 -63.0616
5 24 2.6088 24 -63.0616 2.609 10.9186 -63.062 2 10 -60 4.3432 24 -65.6568
5 24 4.3432 24 -65.6568 4.343 11.6971 -65.657 2.609 10.9186 -63.062 6.9384 24 -67.3912
5 24 6.9384 24 -67.3912 6.938 12.2173 -67.391 4.343 11.6971 -65.657 8.3442 12.3012 -67.6707
5 24 10 24 -68 10 14.9621 -68 8.3442 12.3012 -67.6707 13.0616 24 -67.3912
5 24 13.0616 24 -67.3912 13.062 19.5172 -67.391 10 14.9621 -68 13.1039 19.5736 -67.363
5 24 15.6568 24 -65.6568 15.6568 20 -65.6568 13.3331 20 -67.2097 16.9569 24 -63.7114
0 //
4 16 16 24 -60 16 21.6558 -60 15.94552 21.6558 -59.72631 15.5434 24 -57.7038
3 16 15.5434 24 -57.7038 15.94552 21.6558 -59.72631 15.543 20.25068 -57.704
4 16 14.2426 24 -55.7574 15.5434 24 -57.7038 15.543 20.25068 -57.704 14.243 17.48601 -55.757
4 16 14.2426 24 -55.7574 14.243 17.48601 -55.757 12.296 13.9705 -54.457 12.2962 24 -54.4566
4 16 12.2962 24 -54.4566 12.296 13.9705 -54.457 11.87074 13.27974 -54.37235 10 24 -54
3 16 10 24 -54 11.87074 13.27974 -54.37235 10 10.86839 -54
4 16 7.7038 24 -54.4566 10 24 -54 10 10.86839 -54 8.3442 8.865915 -54.32957
3 16 7.7038 24 -54.4566 8.3442 8.865915 -54.32957 7.704 8.8914 -54.457
4 16 5.7574 24 -55.7574 7.7038 24 -54.4566 7.704 8.8914 -54.457 5.757 9.1514 -55.757
4 16 4.4566 24 -57.7038 5.7574 24 -55.7574 5.757 9.1514 -55.757 4.457 9.5408 -57.704
4 16 4.4566 24 -57.7038 4.457 9.5408 -57.704 4 10 -60 4 24 -60
4 16 4 24 -60 4 10 -60 4.457 10.6888 -62.296 4.4566 24 -62.2962
4 16 4.4566 24 -62.2962 4.457 10.6888 -62.296 5.757 11.2729 -64.243 5.7574 24 -64.2426
4 16 5.7574 24 -64.2426 5.757 11.2729 -64.243 7.704 11.6629 -65.543 7.7038 24 -65.5434
3 16 7.704 11.6629 -65.543 8.3442 11.70113 -65.67043 7.7038 24 -65.5434
4 16 7.7038 24 -65.5434 8.3442 11.70113 -65.67043 10 14.36205 -66 10 24 -66
4 16 10 24 -66 10 14.36205 -66 12.296 17.7776 -65.543 12.2962 24 -65.5434
4 16 12.2962 24 -65.5434 12.296 17.7776 -65.543 14.243 20.40023 -64.243 14.2426 24 -64.2426
3 16 14.32558 20.4909 -64.11933 14.2426 24 -64.2426 14.243 20.40023 -64.243
4 16 14.2426 24 -64.2426 14.32558 20.4909 -64.11933 15.15951 21.6558 -62.87034 15.5434 24 -62.2962
3 16 15.5434 24 -62.2962 15.15951 21.6558 -62.87034 15.5434 21.6558 -62.2962
4 16 15.5434 24 -62.2962 15.5434 21.6558 -62.2962 16 21.6558 -60 16 24 -60
2 24 16 21.6558 -60 15.94552 21.6558 -59.72631
2 24 15.94552 21.6558 -59.72631 15.543 20.25068 -57.704
2 24 15.543 20.25068 -57.704 14.243 17.48601 -55.757
2 24 14.243 17.48601 -55.757 12.296 13.9705 -54.457
2 24 12.296 13.9705 -54.457 11.87074 13.27974 -54.37235
2 24 11.87074 13.27974 -54.37235 10 10.86839 -54
2 24 10 10.86839 -54 8.3442 8.865915 -54.32957
2 24 8.3442 8.865915 -54.32957 7.704 8.8914 -54.457
2 24 7.704 8.8914 -54.457 5.757 9.1514 -55.757
2 24 5.757 9.1514 -55.757 4.457 9.5408 -57.704
2 24 4.457 9.5408 -57.704 4 10 -60
2 24 4 10 -60 4.457 10.6888 -62.296
2 24 4.457 10.6888 -62.296 5.757 11.2729 -64.243
2 24 5.757 11.2729 -64.243 7.704 11.6629 -65.543
2 24 7.704 11.6629 -65.543 8.3442 11.70113 -65.67043
2 24 8.3442 11.70113 -65.67043 10 14.36205 -66
2 24 10 14.36205 -66 12.296 17.7776 -65.543
2 24 12.296 17.7776 -65.543 14.243 20.40023 -64.243
2 24 14.243 20.40023 -64.243 14.32558 20.4909 -64.11933
2 24 14.32558 20.4909 -64.11933 15.15951 21.6558 -62.87034
2 24 15.15951 21.6558 -62.87034 15.5434 21.6558 -62.2962
2 24 15.5434 21.6558 -62.2962 16 21.6558 -60
5 24 16 24 -60 16 21.6558 -60 15.9455 21.6558 -59.7263 15.5434 24 -62.2962
5 24 15.543 20.2507 -57.704 15.5434 24 -57.7038 15.9455 21.6558 -59.7263 14.2426 24 -55.7574
5 24 14.243 17.486 -55.757 14.2426 24 -55.7574 15.5434 24 -57.7038 12.296 13.9705 -54.457
5 24 12.296 13.9705 -54.457 12.2962 24 -54.4566 14.2426 24 -55.7574 11.8707 13.2797 -54.3723
5 24 10 10.8684 -54 10 24 -54 11.8707 13.2797 -54.3723 7.7038 24 -54.4566
5 24 7.704 8.8914 -54.457 7.7038 24 -54.4566 8.3442 8.86591 -54.3296 5.7574 24 -55.7574
5 24 5.757 9.1514 -55.757 5.7574 24 -55.7574 7.7038 24 -54.4566 4.4566 24 -57.7038
5 24 4.457 9.5408 -57.704 4.4566 24 -57.7038 5.7574 24 -55.7574 4 10 -60
5 24 4 10 -60 4 24 -60 4.4566 24 -57.7038 4.457 10.6888 -62.296
5 24 4.457 10.6888 -62.296 4.4566 24 -62.2962 4 24 -60 5.757 11.2729 -64.243
5 24 5.757 11.2729 -64.243 5.7574 24 -64.2426 4.4566 24 -62.2962 7.704 11.6629 -65.543
5 24 7.704 11.6629 -65.543 7.7038 24 -65.5434 5.7574 24 -64.2426 8.3442 11.7011 -65.6704
5 24 10 14.3621 -66 10 24 -66 7.7038 24 -65.5434 12.296 17.7776 -65.543
5 24 12.296 17.7776 -65.543 12.2962 24 -65.5434 10 24 -66 14.243 20.4002 -64.243
5 24 14.243 20.4002 -64.243 14.2426 24 -64.2426 12.2962 24 -65.5434 14.3256 20.4909 -64.1193
5 24 15.5434 21.6558 -62.2962 15.5434 24 -62.2962 15.1595 21.6558 -62.8703 16 21.6558 -60
0 //
4 16 15.5434 21.6558 -62.2962 15.1595 21.6558 -62.8703 15.8771 21.6558 -60 16 21.6558 -60
3 16 15.8771 21.6558 -60 15.9455 21.6558 -59.7263 16 21.6558 -60
2 24 15.9455 21.6558 -59.7263 15.8771 21.6558 -60
2 24 15.8771 21.6558 -60 15.1595 21.6558 -62.8703
0 // link stud 4 to stud 3
4 16 16.06754 20 -54.9578 18.90486 20 -43.60852 23.79232 20 -44.83073 20.91349 20 -56.34605
3 16 20.91349 20 -56.34605 16.20911 20 -55.16963 16.06754 20 -54.9578
2 24 16.06754 20 -54.9578 18.90486 20 -43.60852
2 24 20.91349 20 -56.34605 23.79232 20 -44.83073
0 //
4 16 23.79232 24 -44.83073 23.79232 20 -44.83073 18.90486 20 -43.60852 19.912 21.6558 -43.86038
3 16 19.91223 24 -43.86044 23.79232 24 -44.83073 19.912 21.6558 -43.86038
2 24 18.90486 20 -43.60852 23.79232 20 -44.83073
2 24 23.79232 20 -44.83073 23.79232 24 -44.83073
2 24 18.90486 20 -43.60852 19.912 21.6558 -43.86038
2 24 19.912 21.6558 -43.86038 19.912 24 -43.86038
0 //
4 16 19.912 24 -43.86038 19.912 21.6558 -43.86038 20.8771 21.6558 -40 21.82796 24 -36.19655
3 16 20.8771 21.6558 -40 21.82796 21.6558 -36.19655 21.82796 24 -36.19655
2 24 19.912 21.6558 -43.86038 20.8771 21.6558 -40
2 24 20.8771 21.6558 -40 21.82796 21.6558 -36.19655
2 24 21.82796 21.6558 -36.19655 21.82796 24 -36.19655
0 //
4 16 25.70828 24 -37.1669 25.70828 20 -37.1669 23.79232 20 -44.83073 23.79232 24 -44.83073
2 24 23.79232 20 -44.83073 25.70828 20 -37.1669
2 24 25.70828 20 -37.1669 25.70828 24 -37.1669
0 // stud 3
1 16 10 20 -40 1 0 0 0 -1 0 0 0 1 stud4a.dat
0 BFC INVERTNEXT
1 16 10 14 -40 0 0 -6 0 -9 0 -6 0 0 2-4cyli.dat
1 16 10 16 -40 0 0 -8 0 -11 0 -8 0 0 2-4cyli.dat
0 BFC INVERTNEXT
1 16 10 20 -40 0 0 6 0 -6 0 6 0 0 4-4cyli.dat
1 16 10 20 -40 0 0 8 0 -4 0 8 0 0 4-4cyli.dat
0 BFC INVERTNEXT
1 16 10 14 -40 6 0 0 0 -9 0 0 0 6 1-4cyls.dat
1 16 10 16 -40 8 0 0 0 -11 0 0 0 8 1-4cyls.dat
0 BFC INVERTNEXT
1 16 10 14 -40 6 0 0 0 -9 0 0 0 -6 1-4cyls.dat
1 16 10 16 -40 8 0 0 0 -11 0 0 0 -8 1-4cyls.dat
2 24 4 6 -40 4.457 5.7704 -37.704
2 24 4.457 5.7704 -37.704 5.757 5.5757 -35.757
2 24 5.757 5.5757 -35.757 7.704 5.4457 -34.457
2 24 7.704 5.4457 -34.457 8.3442 5.432957 -34.32957
2 24 2 6 -40 2.609 5.6938 -36.938
2 24 2.609 5.6938 -36.938 4.343 5.4343 -34.343
2 24 4.343 5.4343 -34.343 6.938 5.2609 -32.609
2 24 6.938 5.2609 -32.609 8.3442 5.232932 -32.32932
2 24 7.704 7.1086 -45.543 8.3442 7.134085 -45.67043
2 24 5.757 6.8486 -44.243 7.704 7.1086 -45.543
2 24 5.757 6.8486 -44.243 4.457 6.4592 -42.296
2 24 4.457 6.4592 -42.296 4 6 -40
2 24 6.938 7.4782 -47.391 8.3442 7.534136 -47.67068
2 24 4.343 7.1314 -45.657 6.938 7.4782 -47.391
2 24 4.343 7.1314 -45.657 2.609 6.6124 -43.062
2 24 2.609 6.6124 -43.062 2 6 -40
2 24 14.243 12.04358 -35.757 15.543 14.27554 -37.704
2 24 16 15.56344 -40 15.543 14.27554 -37.704
2 24 15.657 13.36833 -34.343 17.391 16.3448 -36.938
2 24 18 18.0618 -40 17.391 16.3448 -36.938
2 24 12.8684 10.03983 -34.83919 14.243 12.04358 -35.757
2 24 14.1728 11.20458 -33.35124 15.657 13.36833 -34.343
2 24 8.3442 5.432957 -34.32957 10 7.067407 -34
2 24 8.3442 5.232932 -32.32932 10 6.867407 -32
2 24 12.296 9.425201 -34.457 12.8684 10.03983 -34.83919
2 24 10 7.067407 -34 12.296 9.425201 -34.457
2 24 13.062 10.01177 -32.609 14.1728 11.20458 -33.35124
2 24 10 6.867407 -32 13.062 10.01177 -32.609
2 24 15.543 15.45177 -42.296 16 15.56344 -40
2 24 14.243 14.21724 -44.243 15.543 15.45177 -42.296
2 24 12.296 12.0451 -45.543 14.243 14.21724 -44.243
2 24 17.391 17.91345 -43.062 18 18.0618 -40
2 24 15.657 16.26638 -45.657 17.391 17.91345 -43.062
2 24 13.062 13.37157 -47.391 15.657 16.26638 -45.657
2 24 10 9.268388 -46 12.296 12.0451 -45.543
2 24 10 9.668388 -48 13.062 13.37157 -47.391
2 24 8.3442 7.134085 -45.67043 10 9.268388 -46
2 24 8.3442 7.534136 -47.67068 10 9.668388 -48
0 // link stud 3 to stud 2
4 16 25.70828 20 -37.1669 25.70828 24 -37.1669 21.82796 24 -36.19655 21.82796 21.6558 -36.19655
3 16 21.82796 21.6558 -36.19655 20.58044 20 -35.88458 25.70828 20 -37.1669
2 24 21.82796 21.6558 -36.19655 20.58044 20 -35.88458
2 24 20.58044 20 -35.88458 25.70828 20 -37.1669
4 16 28.4019 20 -26.39243 25.70828 20 -37.1669 20.58044 20 -35.88458 23.27406 20 -25.11011
2 24 23.27406 20 -25.11011 20.58044 20 -35.88458
2 24 28.4019 20 -26.39243 25.70828 20 -37.1669
2 24 23.27406 20 -25.11011 28.4019 20 -26.39243
4 16 23.27406 20 -25.11011 24.52158 21.6558 -25.42208 28.4019 24 -26.39243 28.4019 20 -26.39243
2 24 23.27406 20 -25.11011 24.52158 21.6558 -25.42208
3 16 24.52158 21.6558 -25.42208 24.52161 24 -25.42208 28.4019 24 -26.39243
0 // stud 2
1 16 10 20 -20 1 0 0 0 -1 0 0 0 1 stud4a.dat
0 BFC INVERTNEXT
1 16 10 20 -20 0 0 -6 0 -16 0 6 0 0 2-4cyli.dat
1 16 10 20 -20 0 0 -8 0 -16 0 8 0 0 2-4cyli.dat
0 BFC INVERTNEXT
1 16 10 20 -20 0 0 6 0 -10 0 6 0 0 2-4cyli.dat
1 16 10 20 -20 0 0 8 0 -8 0 8 0 0 2-4cyli.dat
0 BFC INVERTNEXT
1 16 10 10 -20 6 0 0 0 -6 0 0 0 -6 1-4cyls.dat
0 BFC INVERTNEXT
1 16 10 10 -20 6 0 0 0 -6 0 0 0 6 1-4cyls.dat
1 16 10 12 -20 8 0 0 0 -8 0 0 0 -8 1-4cyls.dat
1 16 10 12 -20 8 0 0 0 -8 0 0 0 8 1-4cyls.dat
2 24 7.704 4 -14.457 8.3442 4 -14.32957
2 24 5.757 4 -15.757 7.704 4 -14.457
2 24 6.938 4 -12.609 8.3442 4 -12.32932
2 24 4.343 4 -14.343 6.938 4 -12.609
2 24 4.457 4 -17.704 5.757 4 -15.757
2 24 4 4 -20 4.457 4 -17.704
2 24 2.609 4 -16.938 4.343 4 -14.343
2 24 2 4 -20 2.609 4 -16.938
2 24 5.757 4.4243 -24.243 4.457 4.2296 -22.296
2 24 5.757 4.4243 -24.243 7.704 4.5543 -25.543
2 24 7.704 4.5543 -25.543 8.3442 4.567043 -25.67043
2 24 4.343 4.5657 -25.657 2.609 4.3062 -23.062
2 24 4.343 4.5657 -25.657 6.938 4.7391 -27.391
2 24 6.938 4.7391 -27.391 8.3442 4.767068 -27.67068
2 24 4.457 4.2296 -22.296 4 4 -20
2 24 2.609 4.3062 -23.062 2 4 -20
2 24 8.3442 4.567043 -25.67043 10 6.267407 -26
2 24 8.3442 4.767068 -27.67068 10 6.467407 -28
2 24 15.543 11.47886 -22.296 16 11.70946 -20
2 24 14.243 10.36445 -24.243 15.543 11.47886 -22.296
2 24 12.296 8.533801 -25.543 14.243 10.36445 -24.243
2 24 17.391 13.41642 -23.062 18 13.72348 -20
2 24 15.657 11.92976 -25.657 17.391 13.41642 -23.062
2 24 10 6.267407 -26 12.296 8.533801 -25.543
2 24 13.062 9.48997 -27.391 15.657 11.92976 -25.657
2 24 10 6.467407 -28 13.062 9.48997 -27.391
2 24 15.543 11.1988 -17.704 14.243 9.8988 -15.757
2 24 15.95794 11.61374 -19.7887 15.543 11.1988 -17.704
2 24 17.391 13.0468 -16.938 15.657 11.3128 -14.343
2 24 17.94699 13.60279 -19.73349 17.391 13.0468 -16.938
2 24 12.296 7.9518 -14.457 14.243 9.8988 -15.757
2 24 10 5.6558 -14 12.296 7.9518 -14.457
2 24 13.062 8.7178 -12.609 15.657 11.3128 -14.343
2 24 10 5.6558 -12 13.062 8.7178 -12.609
2 24 8.3442 4 -14.32957 10 5.6558 -14
2 24 8.3442 4 -12.32932 10 5.6558 -12
2 24 16 11.70946 -20 15.95794 11.61374 -19.7887
2 24 18 13.72348 -20 17.94699 13.60279 -19.73349
0 // inner left surface
4 16 24.52158 24 -25.42208 24.52158 21.6558 -25.42208 25.8771 21.6558 -20 26 24 -19.51
2 24 24.52158 21.6558 -25.42208 25.8771 21.6558 -20
2 24 24.52158 21.6558 -25.42208 24.52161 24 -25.42208
3 16 25.8771 21.6558 -20 26 21.6558 -19.51 26 24 -19.51
2 24 25.8771 21.6558 -20 26 21.6558 -19.51
4 16 26 24 -19.51 26 21.6558 -19.51 26 21.6558 16 26 24 16
2 24 26 21.6558 -19.51 26 21.6558 16
5 24 26 21.6558 -19.51 26 24 -19.51 25.8771 21.6558 -20 26 21.6558 16
0 // outer left surface
4 16 30 24 -20 30 20 -20 28.4019 20 -26.39243 28.4019 24 -26.39243
2 24 28.4019 20 -26.39243 30 20 -20
2 24 28.4019 20 -26.39243 28.4019 24 -26.39243
4 16 30 24 20 30 20 20 30 20 -20 30 24 -20
2 24 30 20 -20 30 20 20
5 24 30 20 -20 30 24 -20 28.2649 24 -26.9406 30 20 20
0 // stud 1
1 16 10 20 0 1 0 0 0 -1 0 0 0 1 stud4a.dat
0 BFC INVERTNEXT
1 16 10 20 0 0 0 -6 0 -16 0 6 0 0 2-4cyli.dat
1 16 10 20 0 0 0 -8 0 -16 0 8 0 0 2-4cyli.dat
0 BFC INVERTNEXT
1 16 10 20 0 0 0 6 0 -10 0 6 0 0 2-4cyli.dat
1 16 10 20 0 0 0 8 0 -8 0 8 0 0 2-4cyli.dat
0 BFC INVERTNEXT
1 16 10 10 0 6 0 0 0 -6 0 0 0 -6 1-4cyls.dat
0 BFC INVERTNEXT
1 16 10 10 0 6 0 0 0 -6 0 0 0 6 1-4cyls.dat
1 16 10 12 0 8 0 0 0 -8 0 0 0 -8 1-4cyls.dat
1 16 10 12 0 8 0 0 0 -8 0 0 0 8 1-4cyls.dat
2 24 7.704 4 5.543 8.3442 4 5.670427
2 24 5.757 4 4.243 7.704 4 5.543
2 24 4.457 4 2.296 5.757 4 4.243
2 24 4 4 0 4.457 4 2.296
2 24 4.457 4 -2.296 4 4 0
2 24 5.757 4 -4.243 4.457 4 -2.296
2 24 5.757 4 -4.243 7.704 4 -5.543
2 24 7.704 4 -5.543 8.3442 4 -5.670427
2 24 6.938 4 7.391 8.3442 4 7.670679
2 24 4.343 4 5.657 6.938 4 7.391
2 24 2.609 4 3.062 4.343 4 5.657
2 24 2 4 0 2.609 4 3.062
2 24 2.609 4 -3.062 2 4 0
2 24 4.343 4 -5.657 2.609 4 -3.062
2 24 4.343 4 -5.657 6.938 4 -7.391
2 24 6.938 4 -7.391 8.3442 4 -7.670679
2 24 17.391 13.0468 -3.062 18 13.6558 0
2 24 15.657 11.3128 -5.657 17.391 13.0468 -3.062
2 24 13.062 8.7178 -7.391 15.657 11.3128 -5.657
2 24 8.3442 4 5.670427 10 5.6558 6
2 24 8.3442 4 -5.670427 10 5.6558 -6
2 24 8.3442 4 7.670679 10 5.6558 8
2 24 8.3442 4 -7.670679 10 5.6558 -8
2 24 15.543 11.1988 2.296 14.243 9.8988 4.243
2 24 16 11.6558 0 15.543 11.1988 2.296
2 24 15.543 11.1988 -2.296 16 11.6558 0
2 24 14.243 9.8988 -4.243 15.543 11.1988 -2.296
2 24 17.391 13.0468 3.062 15.657 11.3128 5.657
2 24 18 13.6558 0 17.391 13.0468 3.062
2 24 12.296 7.9518 -5.543 14.243 9.8988 -4.243
2 24 10 5.6558 -6 12.296 7.9518 -5.543
2 24 12.296 7.9518 5.543 14.243 9.8988 4.243
2 24 10 5.6558 6 12.296 7.9518 5.543
2 24 10 5.6558 -8 13.062 8.7178 -7.391
2 24 13.062 8.7178 7.391 15.657 11.3128 5.657
2 24 10 5.6558 8 13.062 8.7178 7.391
0 // inner top surface
4 16 -6 20 -96 -6 20 -90.1314 8.3442 20 -90.1314 6.877 20 -96
3 16 -6 4 16 8.3442 4 16 8.3442 4 -20
3 16 -6 4 16 8.3442 4 -20 -6 4 -20
3 16 8.3442 4 -20 8.3442 6 -40 -6 6 -40
3 16 8.3442 4 -20 -6 6 -40 -6 4 -20
3 16 6.938 8.5218 -52.609 -6 10 -60 -6 6 -40
3 16 6.938 8.5218 -52.609 -6 6 -40 8.3442 6 -40
3 16 8.3442 8.46586 -52.3293 6.938 8.5218 -52.609 8.3442 6 -40
3 16 4 10 -60 4.457 9.5408 -57.704 5.757 9.1514 -55.757
3 16 4 10 -60 5.757 9.1514 -55.757 7.704 8.8914 -54.457
3 16 7.704 8.8914 -54.457 8.3442 8.86591 -54.3296 8.3442 10 -60
3 16 7.704 8.8914 -54.457 8.3442 10 -60 4 10 -60
3 16 -6 10 -60 6.938 8.5218 -52.609 4.343 8.8686 -54.343
3 16 -6 10 -60 4.343 8.8686 -54.343 2.609 9.3876 -56.938
3 16 2.609 9.3876 -56.938 2 10 -60 -6 10 -60
3 16 8.3442 4 -20 25.8771 21.6558 -20 8.3442 6 -40
3 16 2 16 -80 -6 16 -80 -6 10 -60
3 16 2 16 -80 -6 10 -60 2.609 15.0814 -76.938
3 16 2.609 10.9186 -63.062 8.3442 13.6988 -72.3293 6.938 13.7827 -72.609
3 16 2.609 10.9186 -63.062 6.938 13.7827 -72.609 -6 10 -60
3 16 2 10 -60 2.609 10.9186 -63.062 -6 10 -60
3 16 8.3442 13.6988 -72.3293 2.609 10.9186 -63.062 4.343 11.6971 -65.657
3 16 8.3442 13.6988 -72.3293 4.343 11.6971 -65.657 6.938 12.2173 -67.391
3 16 6.938 12.2173 -67.391 8.3442 12.3012 -67.6707 8.3442 13.6988 -72.3293
3 16 8.3442 10 -60 8.3442 11.7011 -65.6704 7.704 11.6629 -65.543
3 16 8.3442 10 -60 7.704 11.6629 -65.543 5.757 11.2729 -64.243
3 16 5.757 11.2729 -64.243 4.457 10.6888 -62.296 4 10 -60
3 16 5.757 11.2729 -64.243 4 10 -60 8.3442 10 -60
3 16 -6 10 -60 6.938 13.7827 -72.609 4.343 14.3029 -74.343
3 16 -6 10 -60 4.343 14.3029 -74.343 2.609 15.0814 -76.938
3 16 4 16 -80 4.457 15.3112 -77.704 5.757 14.7271 -75.757
3 16 4 16 -80 5.757 14.7271 -75.757 7.704 14.3371 -74.457
3 16 7.704 14.3371 -74.457 8.3442 14.2989 -74.3296 8.3442 16 -80
3 16 7.704 14.3371 -74.457 8.3442 16 -80 4 16 -80
3 16 -6 16 -80 4.343 18.2335 -85.657 8.3442 20 -90.1314
3 16 -6 16 -80 8.3442 20 -90.1314 -6 20 -90.1314
3 16 -6 16 -80 2 16 -80 2.609 17.2089 -83.062
3 16 2.609 17.2089 -83.062 4.343 18.2335 -85.657 -6 16 -80
3 16 7.704 18.1884 -85.543 5.757 17.6752 -84.243 4.457 16.9065 -82.296
3 16 7.704 18.1884 -85.543 4.457 16.9065 -82.296 4 16 -80
3 16 4 16 -80 8.3442 16 -80 8.3442 18.2388 -85.6704
3 16 4 16 -80 8.3442 18.2388 -85.6704 7.704 18.1884 -85.543
3 16 8.3442 20 -90.1314 4.343 18.2335 -85.657 6.938 18.9181 -87.391
3 16 6.938 18.9181 -87.391 8.3442 19.0285 -87.6707 8.3442 20 -90.1314
3 16 8.3442 20 -90.1314 8.3442 19.0285 -87.6707 8.93025 20.3831 -87.7872
3 16 9.4066 20.6945 -85.8819 8.3442 18.2388 -85.6704 8.3442 16 -80
3 16 9.4066 20.6945 -85.8819 8.3442 16 -80 10.8771 21.6558 -80
3 16 10.5619 17.6651 -74.1119 12.2644 21.6558 -74.4507 10.8771 21.6558 -80
3 16 10.5619 17.6651 -74.1119 10.8771 21.6558 -80 8.3442 16 -80
3 16 8.3442 14.2989 -74.3296 10 16.762 -74 10.5619 17.6651 -74.1119
3 16 8.3442 14.2989 -74.3296 10.5619 17.6651 -74.1119 8.3442 16 -80
3 16 15.8771 21.6558 -60 8.3442 10 -60 11.8707 13.2797 -54.3723
3 16 15.8771 21.6558 -60 11.8707 13.2797 -54.3723 12.296 13.9705 -54.457
3 16 12.296 13.9705 -54.457 14.243 17.486 -55.757 15.543 20.2507 -57.704
3 16 12.296 13.9705 -54.457 15.543 20.2507 -57.704 15.9455 21.6558 -59.7263
3 16 15.9455 21.6558 -59.7263 15.8771 21.6558 -60 12.296 13.9705 -54.457
3 16 19.912 21.6558 -43.8604 18.9049 20 -43.6085 20.8771 21.6558 -40
3 16 15.657 19.1269 -54.343 18.9049 20 -43.6085 16.0676 20 -54.9575
3 16 13.062 14.4409 -52.609 20.8771 21.6558 -40 18.9049 20 -43.6085
3 16 13.062 14.4409 -52.609 18.9049 20 -43.6085 15.657 19.1269 -54.343
3 16 13.062 14.4409 -52.609 12.9853 14.3163 -52.5937 20.8771 21.6558 -40
3 16 8.3442 6 -40 20.8771 21.6558 -40 12.9853 14.3163 -52.5937
3 16 8.3442 6 -40 12.9853 14.3163 -52.5937 10 10.4684 -52
3 16 10 10.4684 -52 8.3442 8.46586 -52.3293 8.3442 6 -40
3 16 8.3442 8.86591 -54.3296 10 10.8684 -54 11.8707 13.2797 -54.3723
3 16 8.3442 8.86591 -54.3296 11.8707 13.2797 -54.3723 8.3442 10 -60
3 16 15.8771 21.6558 -60 15.1595 21.6558 -62.8703 14.3256 20.4909 -64.1193
3 16 11.2628 18.1913 -72.2511 10 16.1621 -72 10 14.9621 -68
3 16 8.3442 12.3012 -67.6707 10 14.9621 -68 10 16.1621 -72
3 16 11.2628 18.1913 -72.2511 10 14.9621 -68 13.062 19.5172 -67.391
3 16 13.062 19.5172 -67.391 13.1039 19.5736 -67.363 11.2628 18.1913 -72.2511
3 16 8.3442 10 -60 15.8771 21.6558 -60 14.3256 20.4909 -64.1193
3 16 8.3442 10 -60 14.3256 20.4909 -64.1193 14.243 20.4002 -64.243
3 16 14.243 20.4002 -64.243 12.296 17.7776 -65.543 10 14.3621 -66
4 16 10 14.3621 -66 8.3442 11.7011 -65.6704 8.3442 10 -60 14.243 20.4002 -64.243
3 16 10 16.1621 -72 8.3442 13.6988 -72.3293 8.3442 12.3012 -67.6707
3 16 13.3331 20 -67.2098 12.0344 20 -72.4046 11.2628 18.1913 -72.2511
3 16 13.3331 20 -67.2098 11.2628 18.1913 -72.2511 13.1039 19.5736 -67.363
4 16 26 21.6558 16 26 21.6558 -19.51 8.3442 4 -20 8.3442 4 16
3 16 26 21.6558 -19.51 25.8771 21.6558 -20 8.3442 4 -20
3 16 23.2741 20 -25.1101 8.3442 6 -40 25.8771 21.6558 -20
3 16 23.2741 20 -25.1101 20.5804 20 -35.8846 8.3442 6 -40
3 16 25.8771 21.6558 -20 24.5216 21.6558 -25.4221 23.2741 20 -25.1101
3 16 20.5804 20 -35.8846 21.828 21.6558 -36.1966 20.8771 21.6558 -40
3 16 8.3442 6 -40 20.5804 20 -35.8846 20.8771 21.6558 -40
2 24 -6 20 -96 -6 20 -90.1314
2 24 -6 20 -90.1314 8.3442 20 -90.1314
2 24 8.3442 20 -90.1314 8.3442 19.02848 -87.67068
2 24 8.3442 18.23875 -85.67043 8.3442 16 -80
2 24 8.3442 16 -80 8.3442 14.29887 -74.32957
2 24 8.3442 12.30121 -67.67068 8.3442 13.6988 -72.32932
2 24 8.3442 8.865915 -54.32957 8.3442 10 -60
2 24 8.3442 10 -60 8.3442 11.70113 -65.67043
2 24 8.3442 8.465864 -52.32932 8.3442 6 -40
2 24 8.3442 6 -40 8.3442 4 -20
2 24 8.3442 4 -20 8.3442 4 16
5 24 8.3442 4 -20 -6 4 -20 -6 4 16 -6 6 -40
5 24 8.3442 6 -40 -6 6 -40 8.3442 4 -20 6.938 8.5218 -52.609
5 24 8.3442 10 -60 4 10 -60 7.704 8.8914 -54.457 5.757 11.2729 -64.243
5 24 2 10 -60 -6 10 -60 2.609 9.3876 -56.938 2.609 10.9186 -63.062
5 24 8.3442 4 -20 25.8771 21.6558 -20 8.3442 6 -40 26 21.6558 -19.51
5 24 25.8771 21.6558 -20 8.3442 6 -40 8.3442 4 -20 23.2741 20 -25.1101
5 24 2 16 -80 -6 16 -80 -6 10 -60 2.609 17.2089 -83.062
5 24 8.3442 16 -80 4 16 -80 7.704 14.3371 -74.457 8.3442 18.2388 -85.6704
5 24 8.3442 16 -80 10.8771 21.6558 -80 9.4066 20.6945 -85.8819 10.5619 17.6651 -74.1119
5 24 8.3442 16 -80 10.5619 17.6651 -74.1119 10.8771 21.6558 -80 8.3442 14.2989 -74.3296
5 24 15.8771 21.6558 -60 8.3442 10 -60 11.8707 13.2797 -54.3723 14.3256 20.4909 -64.1193
5 24 8.3442 10 -60 11.8707 13.2797 -54.3723 15.8771 21.6558 -60 8.3442 8.86591 -54.3296
5 24 12.9853 14.3163 -52.5937 20.8771 21.6558 -40 13.062 14.4409 -52.609 8.3442 6 -40
5 24 14.3256 20.4909 -64.1193 15.8771 21.6558 -60 15.1595 21.6558 -62.8703 8.3442 10 -60
5 24 13.1039 19.5736 -67.363 11.2628 18.1913 -72.2511 13.062 19.5172 -67.391 13.3331 20 -67.2098
5 24 26 21.6558 -19.51 8.3442 4 -20 26 21.6558 16 25.8771 21.6558 -20
5 24 8.3442 6 -40 20.8771 21.6558 -40 12.9853 14.3163 -52.5937 20.5804 20 -35.8846
0 // outer top surface
4 16 -10 0 -20 10 0 -20 10 0 20 -10 0 20
