0 ~Brick  2 x  2 x  3.333 Octagonal With Side Studs Half
0 Name: s\6042s01.dat
0 Author: Rolf Osterthun [Rolf]
0 !LDRAW_ORG Subpart UPDATE 2018-02
0 !LICENSE Redistributable under CCAL version 2.0 : see CAreadme.txt

0 BFC CERTIFY CCW

0 !HISTORY 2018-12-08 [PTadmin] Official Update 2018-02

1 16 0 0 0 1 0 0 0 1 0 0 0 1 s\6042s02.dat
1 16 0 80 0 1 0 0 0 -1 0 0 0 1 s\6042s02.dat
4 16 16 80 -12 16 80 12 20 80 8 20 80 -8
2 24 16 80 -12 16 80 12
2 24 20 80 8 20 80 -8
2 24 16 80 12 20 80 8
2 24 16 80 -12 20 80 -8
4 16 12 76 16 16 76 12 16 76 7 7 76 16
2 24 12 76 16 16 76 12
2 24 16 76 7 7 76 16
2 24 16 76 12 16 76 7
2 24 12 76 16 7 76 16
4 16 7 76 -16 16 76 -7 16 76 -12 12 76 -16
2 24 12 76 -16 16 76 -12
2 24 16 76 -7 7 76 -16
2 24 16 76 -12 16 76 -7
2 24 12 76 -16 7 76 -16
4 16 16 76 -7 16 76 7 16 80 12 16 80 -12
2 24 12 80 16 8 80 20
2 24 12 80 -16 8 80 -20
3 16 16 80 12 16 76 7 16 76 12
2 24 16 80 12 16 76 12
3 16 7 76 16 12 80 16 12 76 16
2 24 12 80 16 12 76 16
3 16 16 76 -7 16 80 -12 16 76 -12
2 24 16 80 -12 16 76 -12
3 16 12 80 -16 7 76 -16 12 76 -16
2 24 12 80 -16 12 76 -16
0 // inner wall
4 16 16 2.75 7 7 2.75 16 7 76 16 16 76 7
2 24 16 2.75 7 7 2.75 16
3 16 8 2.75 8 7 2.75 16 16 2.75 7
4 16 8 2.75 8 16 2.75 7 16 2.75 -7 8 2.75 -15
2 24 7 2.75 16 7 76 16
2 24 16 2.75 7 16 76 7
2 24 8 2.75 -15 8 68.25 -15
4 16 8 2.75 -15 8 68.25 -15 8 68.25 0 8 2.75 0
2 24 8 2.75 -15 8 2.75 0
2 24 8 68.25 -15 7 68.25 -16
2 24 7 68.25 -16 7 76 -16
2 24 8 68.25 -15 8 68.25 0
4 16 16 76 -7 7 76 -16 7 68.25 -16 8 68.25 -15
4 16 8 2.75 -15 16 2.75 -7 16 76 -7 8 68.25 -15
2 24 16 2.75 -7 8 2.75 -15
4 16 16 76 7 16 76 -7 16 2.75 -7 16 2.75 7
2 24 16 2.75 -7 16 2.75 7
2 24 16 76 -7 16 2.75 -7
0 // quads
4 16 4 26.764 -20 4 26.764 -8.75 4 53.236 -8.75 4 53.236 -20
2 24 4 26.764 -20 4 53.236 -20
2 24 4 26.764 -8.75 4 53.236 -8.75
4 16 3.062 27.391 -8.75 0 28 -8.75 0 52 -8.75 3.062 52.609 -8.75
4 16 4 26.764 -8.75 3.062 27.391 -8.75 3.062 52.609 -8.75 4 53.236 -8.75
0 // top quad
2 24 4 13.236 -20 4 13.236 -8.75
2 24 0 12 -20 3.062 12.609 -20
2 24 4 13.236 -20 3.062 12.609 -20
4 16 0 12 -20 3.062 12.609 -20 3.062 12.609 -8.75 0 12 -8.75
4 16 4 13.236 -8.75 3.062 12.609 -8.75 3.062 12.609 -20 4 13.236 -20
4 16 4 13.236 -20 4 3.15 -20 4 3.15 -8.75 4 13.236 -8.75
2 24 0 12 -8.75 3.062 12.609 -8.75
2 24 4 13.236 -8.75 3.062 12.609 -8.75
2 24 4 13.236 -20 4 3.15 -20
2 24 4 3.15 -8.75 4 13.236 -8.75
2 24 4 3.15 -8.75 4 3.15 -20
3 16 3.062 12.609 -8.75 4 13.236 -8.75 4 3.15 -8.75
3 16 3.062 12.609 -8.75 4 3.15 -8.75 0 12 -8.75
0 // outside top
1 16 10 0 10 1 0 0 0 1 0 0 0 1 stud17.dat
1 16 10 0 -10 0 0 1 0 1 0 -1 0 0 stud17.dat
4 16 6 0 -6 20 0 -8 20 0 8 6 0 6
2 24 20 0 -8 20 0 8
3 16 8 0 20 6 0 6 20 0 8
3 16 20 0 -8 6 0 -6 8 0 -20
2 24 15.22 0 12.78 20 0 8
2 24 12.78 0 15.22 8 0 20
2 24 15.22 0 -12.78 20 0 -8
2 24 12.78 0 -15.22 8 0 -20
0 // outside bottom
3 16 12 76 -16 16 76 -12 20 68 -8
2 24 12 76 -16 20 68 -8
4 16 20 68 -8 16 76 -12 16 80 -12 20 80 -8
2 24 20 68 -8 20 80 -8
4 16 8 0 20 20 0 8 16 76 12 12 76 16
3 16 12 76 -16 8 80 -20 12 80 -16
2 24 12 76 -16 8 80 -20
3 16 20 68 -20 12 76 -16 20 68 -8
2 24 20 68 -20 20 68 -8
3 16 20 68 -20 8 80 -20 12 76 -16
4 16 20 0 8 20 80 8 16 80 12 16 76 12
2 24 20 0 8 20 80 8
4 16 12 76 16 12 80 16 8 80 20 8 0 20
2 24 8 80 20 8 0 20
0 // side
4 16 20 52 -8 20 52 8 20 28 8 20 28 -8
4 16 20 0 8 20 0 -8 20 12 -8 20 12 8
4 16 20 68 8 20 68 -8 20 80 -8 20 80 8
3 16 20 52 -8 20 28 -8 8 40 -20
2 24 20 28 -8 8 40 -20
2 24 20 52 -8 8 40 -20
2 24 20 52 -8 20 28 -8
3 16 20 12 -8 8 0 -20 20 12 -20
3 16 20 0 -8 8 0 -20 20 12 -8
2 24 8 0 -20 20 12 -8
2 24 20 0 -8 20 12 -8
0 // front
3 16 7.704 44.457 -20 8 40 -20 7.704 35.543 -20
4 16 5.757 45.758 -20 7.704 44.457 -20 7.704 35.543 -20 5.757 34.242 -20
4 16 5.757 34.242 -20 4.457 32.296 -20 4.457 47.704 -20 5.757 45.758 -20
4 16 4 50 -20 4.457 47.704 -20 4.457 32.296 -20 4 30 -20
3 16 4 10 -20 4.457 7.704 -20 4 3.15 -20
3 16 4.457 7.704 -20 5.758 5.757 -20 4 3.15 -20
4 16 4 3.15 -20 5.758 5.757 -20 7.704 4.457 -20 8 0 -20
4 16 3.062 12.609 -20 0 12 -20 0 14 -20 2 14.398 -20
4 16 4 13.236 -20 3.062 12.609 -20 2 14.398 -20 2 18 -20
4 16 4 13.236 -20 2 18 -20 5.758 14.243 -20 4.457 12.296 -20
3 16 4 13.236 -20 4.457 12.296 -20 4 10 -20
4 16 4.457 67.704 -20 5.758 65.757 -20 2 62 -20 2 65.602 -20
4 16 4 70 -20 4.457 67.704 -20 2 65.602 -20 0 66 -20
5 24 3.062 12.609 -20 3.062 12.609 -8.75 0 12 -20 4 13.236 -8.75
