0 ~Brick  2 x  2 x  3.333 Octagonal With Side Studs Front
0 Name: s\6042s02.dat
0 Author: Rolf Osterthun [Rolf]
0 !LDRAW_ORG Subpart UPDATE 2018-02
0 !LICENSE Redistributable under CCAL version 2.0 : see CAreadme.txt

0 BFC CERTIFY CCW

0 !HISTORY 2018-12-08 [PTadmin] Official Update 2018-02

1 16 0 0 0 1 0 0 0 1 0 0 0 1 s\6042s03.dat
1 16 0 40 0 1 0 0 0 -1 0 0 0 1 s\6042s03.dat

4 16 10 24 -18 12.296 24.457 -15.704 12.296 15.543 -15.704 10 16 -18
4 16 8 24.398 -20 10 24 -18 10 16 -18 8 15.602 -20
4 16 12.296 24.457 -15.704 14.243 25.758 -13.757 14.243 14.242 -13.757 12.296 15.543 -15.704
4 16 17.25 13 -20 17.25 27 -20 20 28 -20 20 12 -20
2 24 20 12 -20 20 28 -20
4 16 17.25 13 -10.75 17.25 27 -10.75 17.25 27 -20 17.25 13 -20
2 24 17.25 13 -20 17.25 27 -20
2 24 17.25 27 -10.75 17.25 13 -10.75
4 16 14.243 25.758 -13.757 15.543 27.704 -12.457 15.543 12.296 -12.457 14.243 14.242 -13.757
4 16 15.71 28.541 -12.29 17.25 27 -10.75 17.25 13 -10.75 15.71 11.459 -12.29
4 16 15.71 11.459 -12.29 15.543 12.296 -12.457 15.543 27.704 -12.457 15.71 28.541 -12.29
3 16 8 24.398 -20 8 15.602 -20 6 20 -20

4 16 20 12 8 20 12 -8 20 28 -8 20 28 8
4 16 20 12 -8 20 12 -20 20 28 -20 20 28 -8
2 24 20 12 -8 20 12 -20
2 24 20 28 -20 20 28 -8
3 16 20 28 -20 8 40 -20 20 28 -8

2 24 4 26.764 -20 4 26.764 -8.75
2 24 0 28 -20 3.062 27.391 -20
2 24 0 28 -8.75 3.062 27.391 -8.75
4 16 0 28 -8.75 3.062 27.391 -8.75 3.062 27.391 -20 0 28 -20
2 24 3.062 27.391 -20 4 26.764 -20
2 24 3.062 27.391 -8.75 4 26.764 -8.75
4 16 3.062 27.391 -8.75 4 26.764 -8.75 4 26.764 -20 3.062 27.391 -20

4 16 2 25.602 -20 0 26 -20 0 28 -20 3.062 27.391 -20
4 16 2 22 -20 2 25.602 -20 3.062 27.391 -20 4 26.764 -20
4 16 4.457 27.704 -20 5.758 25.757 -20 2 22 -20 4 26.764 -20
3 16 4 30 -20 4.457 27.704 -20 4 26.764 -20

2 24 8 24.398 -20 8 15.602 -20
5 24 3.062 27.391 -8.75 3.062 27.391 -20 0 28 -8.75 4 26.764 -8.75
