0 ~Brick  2 x  2 x  3.333 Octagonal With Side Studs Front Stud
0 Name: s\6042s03.dat
0 Author: Rolf Osterthun [Rolf]
0 !LDRAW_ORG Subpart UPDATE 2018-02
0 !LICENSE Redistributable under CCAL version 2.0 : see CAreadme.txt

0 BFC CERTIFY CCW

0 !HISTORY 2018-10-01 [mkennedy] optimized with primitives
0 !HISTORY 2018-12-08 [PTadmin] Official Update 2018-02

1 16 10 10 -20 0 0 1 -1 0 0 0 1 0 stud17a.dat
0 // inner stud lines
1 16 10 10 -20 -2.8284 0 -2.8284 -2.8284 0 2.8284 0 4 0 1-4edge.dat
2 24 7.1716 7.1716 -20 8 6.618 -20
2 24 7.1716 12.8284 -20 8 13.382 -20
2 24 8 6.618 -20 8.469 6.304 -19.531
2 24 8 13.382 -20 8.469 13.696 -19.531
2 24 8.469 6.304 -19.531 10 6 -18
2 24 8.469 13.696 -19.531 10 14 -18
1 16 10 10 -18 0 0 4 4 0 0 0 4 4 2-4edge.dat
0 // outer stud lines
2 24 8 15.602 -20 10 16 -18
1 16 10 10 -18 0 0 6 6 0 0 0 6 6 3-16edge.dat
0 // outside of studs
4 16 10 16 -18 12.296 15.543 -15.704 12.296 15.543 -20 10 16 -20
3 16 8 15.602 -20 10 16 -18 10 16 -20
4 16 12.296 15.543 -15.704 14.243 14.242 -13.757 14.243 14.242 -20 12.296 15.543 -20
4 16 15.543 12.296 -20 14.243 14.242 -20 14.243 14.242 -13.757 15.543 12.296 -12.457
4 16 15.709 11.46 -12.29 17.25 13 -10.75 17.25 13 -20 15.709 11.46 -20
4 16 15.709 11.46 -20 15.543 12.296 -20 15.543 12.296 -12.457 15.709 11.46 -12.29
0 // bottom of stud
1 16 10 10 -20 -2.8284 0 -2.8284 -2.8284 0 2.8284 0 4 0 1-4chrd.dat
4 16 7.1716 12.8284 -20 8 13.382 -20 8 6.618 -20 7.1716 7.1716 -20
2 24 8 6.618 -20 8 13.382 -20
4 16 8 13.382 -20 8.469 13.696 -19.531 8.469 6.304 -19.531 8 6.618 -20
4 16 8.469 13.696 -19.531 10 14 -18 10 6 -18 8.469 6.304 -19.531
1 16 10 10 -18 0 0 4 4 0 0 0 4 4 2-4chrd.dat
0 // inside of stud
3 16 8 6.618 -20 8.469 6.304 -19.531 8.469 6.304 -20
3 16 8.469 13.696 -20 8.469 13.696 -19.531 8 13.382 -20
4 16 8.469 6.304 -19.531 10 6 -18 10 6 -20 8.469 6.304 -20
4 16 8.469 13.696 -20 10 14 -20 10 14 -18 8.469 13.696 -19.531
4 16 10 6 -18 11.531 6.304 -16.469 11.531 6.304 -20 10 6 -20
4 16 10 14 -20 11.531 13.696 -20 11.531 13.696 -16.469 10 14 -18
4 16 11.531 6.304 -16.469 12.8284 7.1716 -15.1716 12.8284 7.1716 -20 11.531 6.304 -20
4 16 11.531 13.696 -20 12.8284 12.8284 -20 12.8284 12.8284 -15.1716 11.531 13.696 -16.469
4 16 12.8284 7.1716 -15.172 13.696 8.469 -14.304 13.696 8.469 -20 12.8284 7.1716 -20
4 16 13.696 11.531 -14.304 12.8284 12.8284 -15.172 12.8284 12.8284 -20 13.696 11.531 -20
4 16 13.696 8.469 -14.304 14 10 -14 14 10 -20 13.696 8.469 -20
4 16 14 10 -14 13.696 11.531 -14.304 13.696 11.531 -20 14 10 -20
0 // outer stud lines
1 16 10 10 -20 2.2961 0 -5.5432 -5.5432 0 -2.2961 0 1 0 2-4edge.dat
2 24 7.704 15.543 -20 8 15.602 -20
2 24 12.296 4.457 -20 12.78 4.78 -20
2 24 15.22 7.22 -20 15.543 7.704 -20
2 24 15.543 7.704 -20 16 10 -20
2 24 16 10 -20 15.709 11.46 -20
2 24 15.709 11.46 -12.29 17.25 13 -10.75
2 24 15.709 11.46 -12.29 15.543 12.296 -12.457
2 24 15.709 11.46 -20 15.709 11.46 -12.29
0 // front surface
4 16 2 18 -20 5.602 18 -20 7.704 15.543 -20 5.758 14.243 -20
3 16 7.704 4.457 -20 10 4 -20 8 0 -20
3 16 10 4 -20 12.296 4.457 -20 8 0 -20
3 16 12.296 4.457 -20 12.78 4.78 -20 8 0 -20
2 24 12.78 4.78 -20 8 0 -20
4 16 6 20 -20 8 15.602 -20 7.704 15.543 -20 5.602 18 -20
3 16 15.543 7.704 -20 16 10 -20 20 12 -20
3 16 15.22 7.22 -20 15.543 7.704 -20 20 12 -20
2 24 15.22 7.22 -20 20 12 -20
4 16 16 10 -20 15.709 11.46 -20 17.25 13 -20 20 12 -20
2 24 17.25 13 -20 17.25 13 -10.75
2 24 15.709 11.46 -20 17.25 13 -20
5 24 12.296 15.543 -15.704 12.296 15.543 -20 10 16 -18 14.243 14.242 -13.757
5 24 10 16 -20 10 16 -18 12.296 15.543 -15.704 8 15.602 -20
5 24 14.243 14.242 -13.757 14.243 14.242 -20 12.296 15.543 -15.704 15.543 12.296 -20
5 24 15.543 12.296 -12.457 15.543 12.296 -20 14.243 14.242 -20 15.709 11.46 -20
5 24 8.469 6.304 -19.531 8.469 6.304 -20 8 6.618 -20 10 6 -18
5 24 8.469 13.696 -20 8.469 13.696 -19.531 8 13.382 -20 10 14 -20
5 24 10 6 -18 10 6 -20 8.469 6.304 -19.531 11.531 6.304 -16.469
5 24 10 14 -20 10 14 -18 8.469 13.696 -20 11.531 13.696 -20
5 24 11.531 6.304 -16.469 11.531 6.304 -20 10 6 -18 12.828 7.172 -15.172
5 24 11.531 13.696 -20 11.531 13.696 -16.469 10 14 -20 12.828 12.828 -20
5 24 12.828 7.172 -15.172 12.828 7.172 -20 11.531 6.304 -16.469 13.696 8.469 -14.304
5 24 12.828 12.828 -20 12.828 12.828 -15.172 11.531 13.696 -20 13.696 11.531 -14.304
5 24 13.696 8.469 -14.304 13.696 8.469 -20 12.828 7.172 -15.172 14 10 -14
5 24 13.696 11.531 -20 13.696 11.531 -14.304 12.828 12.828 -15.172 14 10 -14
5 24 14 10 -14 14 10 -20 13.696 8.469 -14.304 13.696 11.531 -14.304
0