0 ~Brick  2 x  2 Round with Grille 1/8
0 Name: s\92947s00.dat
0 Author: Joerg Sommerer [Brickaneer]
0 !LDRAW_ORG Subpart UPDATE 2011-02
0 !LICENSE Redistributable under CCAL version 2.0 : see CAreadme.txt

0 BFC CERTIFY CCW

0 !HISTORY 2011-12-29 [PTadmin] Official Update 2011-02

4 16 16 24 0 19.9878 24 0 19.9878 24 -0.698 17.9463 24 -1.3899
4 16 17.9463 24 -1.3899 17.8056 24 -2.6384 14.7824 24 -6.1232 16 24 0
4 16 14.7824 24 -6.1232 17.8056 24 -2.6384 17.187 24 -5.3485 16.7721 24 -6.5343
2 24 16.7721 24 -6.5343 17.187 24 -5.3485
4 16 17.8056 24 -2.6384 19.642 24 -3.7672 19.3314 24 -5.1282 17.187 24 -5.3485
4 16 14.7824 24 -6.1232 16.7721 24 -6.5343 15.5434 24 -7.7038 14.6347 24 -6.3442
1 16 15.0891 22 -7.024 0.4544 0.8314 0 0 0 -2 -0.6798 1 0 rect.dat
1 16 14.7086 22 -6.2337 0 0.8314 -0.0738 2 0 0 0 -0.9999 -0.1105 rect1.dat
1 16 15.3912 22 -3.0616 0 0.9808 -0.6088 2 0 0 0 -1 -3.0616 rect1.dat
5 24 14.7824 24 -6.1232 14.7824 20 -6.1232 14.6347 20 -6.3442 16 24 0
5 24 16 24 0 16 20 0 14.7824 20 -6.1232 14.7824 24 6.1232
1 16 16.1578 22 -7.119 0 -0.6894 0.6143 2 0 0 0 1 0.5848 rect3.dat
4 16 17.7056 20 -9.3013 15.566 20 -9.0388 16.7721 20 -6.5343 18.3112 20 -8.0435
3 16 15.566 20 -9.0388 15.5434 20 -7.7038 16.7721 20 -6.5343
4 16 15.5434 20 -7.7038 15.566 20 -9.0388 14.8975 20 -10.1026 14.6347 20 -6.3442
4 16 14.6347 20 -6.3442 14.8975 20 -10.1026 13.1644 20 -12.276 11.3136 20 -11.3136
2 24 14.6347 20 -6.3442 11.3136 20 -11.3136
4 16 15.199 20 -13.0079 13.1644 20 -12.276 14.8975 20 -10.1026 16.0623 20 -11.9165
3 16 11.3136 20 -11.3136 13.1644 20 -12.276 12.7202 20 -12.7202
2 24 7.8011 11.0746 -1 7.8011 4 -1
2 24 7.8011 4 -1 15.8011 4 -1
2 24 15.8011 4 -1 15.8011 8.0746 -1
1 16 11.9006 9.5373 -0.5 4 -3 -0.0994 -1.5 -8 0.0373 0 -0.0001 -0.5 rect3.dat
4 16 7.8011 11.0746 -1 15.8011 8.0746 -1 15.8011 4 -1 7.8011 4 -1
1 16 12.9423 10 -12.4981 0 -0.7071 0.2221 10 0 0 0 1 0.2221 rect3.dat
1 16 14.1782 10 -12.642 0 0.3395 1.0138 10 0 0 0 1 -0.366 rect3.dat
1 16 15.6271 10 -12.4622 0 -0.7818 0.4352 10 0 0 0 1 0.5457 rect3.dat
1 16 15.4799 10 -11.0096 0 -36.278 -0.5824 10 0 0 0 -23.296 0.907 rect3.dat
1 16 15.2318 10 -9.5707 0 -0.8467 0.3342 10 0 0 0 1 0.5319 rect3.dat
1 16 16.6358 10 -9.17 0 0.1218 1.0698 10 0 0 0 1 -0.1312 rect3.dat
1 16 18.0084 10 -8.6724 0 -0.901 0.3028 10 0 0 0 1 0.6289 rect3.dat
1 16 17.5417 10 -7.2889 0 -1.0061 -0.7696 10 0 0 0 -1.0261 0.7546 rect3.dat
2 24 16.7721 0 -6.5343 17.187 0 -5.3485
4 16 16.7721 0 -6.5343 16.7721 20 -6.5343 17.187 24 -5.3485 17.187 0 -5.3485
3 16 16.7721 20 -6.5343 16.7721 24 -6.5343 17.187 24 -5.3485
1 16 18.2592 12 -5.2383 0 -0.1022 1.0722 12 0 0 0 1 0.1102 rect.dat
1 16 19.4867 12 -4.4477 0 -0.9749 0.1553 12 0 0 0 1 0.6805 rect3.dat
1 16 18.7238 12 -3.2028 0 -27.0912 -0.9182 12 0 0 0 -44.0736 0.5644 rect3.dat
1 16 17.876 12 -2.0142 0 -0.9937 0.0704 12 0 0 0 1 0.6242 rect3.dat
1 16 18.9671 12 -1.044 0 -0.321 1.0208 12 0 0 0 1 0.346 rect3.dat
1 16 19.9878 12 -0.349 0 -1.047 0 0 0 -12 0.349 0 0 rect2p.dat
4 16 16.0623 0 -11.9165 14.8975 0 -10.1026 13.1644 0 -12.276 15.199 0 -13.0079
4 16 18.3112 0 -8.0435 16.7721 0 -6.5343 15.566 0 -9.0388 17.7056 0 -9.3013
4 16 19.642 0 -3.7672 17.8056 0 -2.6384 17.187 0 -5.3485 19.3314 0 -5.1282
4 16 6 0 0 17.9463 0 -1.3899 19.9878 0 -0.698 19.9878 0 0
3 16 6 0 0 17.8056 0 -2.6384 17.9463 0 -1.3899
4 16 17.8056 0 -2.6384 6 0 0 5.5434 0 -2.2962 17.187 0 -5.3485
4 16 16.7721 0 -6.5343 17.187 0 -5.3485 5.5434 0 -2.2962 15.566 0 -9.0388
4 16 15.566 0 -9.0388 5.5434 0 -2.2962 4.2426 0 -4.2426 14.8975 0 -10.1026
4 16 13.1644 0 -12.276 14.8975 0 -10.1026 4.2426 0 -4.2426 12.7202 0 -12.7202
4 16 12.7202 0 -12.7202 13.1644 0 -12.276 14.7182 0 -12.835 13.7766 0 -13.7766
4 16 15.7237 0 -11.3893 14.8975 0 -10.1026 15.566 0 -9.0388 16 0 -10
3 16 15.566 0 -9.0388 15.8149 0 -9.0693 16 0 -10
