0 ~Figure Fabuland Torso Half without Front
0 Name: s\u9102s01.dat
0 Author: Philippe Hurbain [Philo]
0 !LDRAW_ORG Subpart UPDATE 2010-02
0 !LICENSE Redistributable under CCAL version 2.0 : see CAreadme.txt

0 BFC CERTIFY CCW

0 !HISTORY 2010-07-05 [PTadmin] Official Update 2010-02

0 BFC INVERTNEXT
1 16 -23 -26 0 0 4 0 4 0 0 0 0 4 4-4cylo.dat
0 BFC INVERTNEXT
1 16 -23.5 0 0 0 3.5 0 4 0 0 0 0 4 4-4cylo.dat
1 16 -23 -26 0 0 1 0 0 0 -9 9 0 0 2-4edge.dat
1 16 -23 -26 0 0 2 0 0 0 -9 9 0 0 2-4cyli.dat
1 16 -21 -26 0 0 5 0 0 0 -9 9 0 0 1-4cyls.dat
1 16 -21 -26 0 0 5 0 0 0 -9 -9 0 0 1-4cyls.dat
1 16 -23 -26 0 0 1 0 0 0 -4 4 0 0 2-4ring1.dat
1 16 -23 -26 0 0 1 0 0 0 4 -4 0 0 2-4ndis.dat
1 16 -23 -26 0 0 1 0 0 0 -1 1 0 0 2-4ring8.dat
1 16 -16 -30 -9 -5 -7.5 0 0 20 0 0 -4 -4 1-4con0.dat
1 16 -16 -30 -9 -5 0 0 0 0 -5 0 -4 0 1-8sphe.dat
1 16 -16 -30 -9 -5 0 0 0 0 -5 0 18 0 1-4cyli.dat
1 16 -16 -30 9 -5 0 0 0 0 -5 0 4 0 1-8sphe.dat
1 16 -16 -30 9 0 16 0 0 0 -5 4 0 0 1-4cyli.dat
4 16 -23 -26 -4 -23 -22 -4 -23 -14 -9 -23 -26 -9
4 16 -23 -26 9 -23 -14 9 -23 -22 4 -23 -26 4
2 24 -23 -14 -9 -23 -26 -9
2 24 -23 -14 9 -23 -26 9
1 16 0 -35 0 0 0 -9 0 1 0 9 0 0 2-4edge.dat
1 16 0 -35 0 0 0 -9 0 1 0 9 0 0 2-4ndis.dat
4 16 -16 -35 -9 -9 -35 -9 -9 -35 9 -16 -35 9
0 BFC INVERTNEXT
1 16 0 -30 0 0 0 -10 0 10 0 10 0 0 2-8sphe.dat
0 BFC INVERTNEXT
1 16 0 -30 0 -1 0 0 0 -5 0 0 0 1 1-4con9.dat
0 BFC INVERTNEXT
1 16 0 -30 0 0 0 -1 0 -5 0 -1 0 0 1-4con9.dat
1 16 -10 -13 -11.5 0 0 -10 -3 0 0 1.5 -1 0 rect3.dat
1 16 -5.25 -25 0 0 0 -5.25 0 6 0 10 0 0 box2-7.dat
1 16 -14.75 -31 0 0 0 -4.25 0 -1 0 10 0 0 rect.dat
4 16 0 -19 -10 0 -16 -10 -20 -16 -10 -10.5 -19 -10
4 16 -10.5 -19 -10 -19 -22 -10 -19 -31 -10 -10.5 -31 -10
4 16 -10.5 -19 10 -20 -16 10 0 -16 10 0 -19 10
4 16 -10.5 -31 10 -19 -31 10 -19 -22 10 -10.5 -19 10
4 16 -20 -16 10 -20 -16 -10 -20 -4 -4 -20 -4 4
4 16 -19 -22 4 -19 -22 -4 -20 -16 -10 -20 -16 10
3 16 -10.5 -19 -10 -20 -16 -10 -19 -22 -10
3 16 -19 -22 10 -20 -16 10 -10.5 -19 10
3 16 -20 5 10 -20 -16 10 -20 5 6
1 16 -19 -26 0 0 -1 0 0 0 4 -4 0 0 4-4ndis.dat
1 16 -20 0 0 0 -1 0 0 0 4 -4 0 0 4-4ndis.dat
1 16 -23.5 0 0 0 1 0 0 0 4 4 0 0 4-4ndis.dat
1 16 -23.5 5 6 0 1 0 0 0 4 4 0 0 1-4disc.dat
1 16 -23.5 5 6 0 1 0 0 0 4 4 0 0 1-4edge.dat
1 16 -23.5 5 -6 0 1 0 0 0 4 -4 0 0 1-4disc.dat
1 16 -23.5 5 -6 0 1 0 0 0 4 -4 0 0 1-4edge.dat
1 16 -23.5 5 -6 0 3.5 0 0 0 4 -4 0 0 1-4cyli.dat
1 16 -23.5 5 6 0 3.5 0 0 0 4 4 0 0 1-4cyli.dat
3 16 -23.5 4 4 -23.5 5 13 -23.5 5 6
3 16 -23.5 5 -6 -23.5 5 -13 -23.5 4 -4
3 16 -23 -14 -9 -21 -26 -9 -23 -26 -9
3 16 -23 -26 9 -21 -26 9 -23 -14 9
1 16 -20 5 6 0 -1 0 0 0 4 4 0 0 1-4disc.dat
1 16 -20 5 6 0 -1 0 0 0 4 4 0 0 1-4edge.dat
1 16 -20 5 -6 0 -1 0 0 0 4 -4 0 0 1-4disc.dat
1 16 -20 5 -6 0 -1 0 0 0 4 -4 0 0 1-4edge.dat
4 16 -19 -31 10 -19 -31 -10 -19 -30 -4 -19 -30 4
4 16 -19 -22 -4 -19 -30 -4 -19 -31 -10 -19 -22 -10
4 16 -19 -22 10 -19 -31 10 -19 -30 4 -19 -22 4
3 16 -19 -22 4 -20 -16 10 -19 -22 10
3 16 -19 -22 -10 -20 -16 -10 -19 -22 -4
2 24 -19 -31 -10 -19 -22 -10
2 24 -23.5 -10 13 -23.5 5 13
2 24 -23.5 5 10 -23.5 5 13
2 24 -20 -16 -10 -19 -22 -10
2 24 -19 -31 10 -19 -22 10
2 24 -20 -16 10 -20 5 10
2 24 -20 -16 10 -19 -22 10
4 16 -23.5 -4 -4 -23.5 -10 -13 -23.5 -10 13 -23.5 -4 4
4 16 -23 -14 9 -23.5 -10 13 -23.5 -10 -13 -23 -14 -9
4 16 -23.5 4 -4 -23.5 5 -13 -23.5 -10 -13 -23.5 -4 -4
4 16 -20 -4 -4 -20 -16 -10 -20 5 -6 -20 4 -4
4 16 -20 4 4 -20 5 6 -20 -16 10 -20 -4 4
4 16 -20 -16 -10 -20 -10 -13 -20 5 -13 -20 5 -6
4 16 -23.5 9 6 -23.5 9 -6 -23.5 5 -6 -23.5 5 6
4 16 -23.5 5 6 -23.5 5 -6 -23.5 4 -4 -23.5 4 4
4 16 -20 5 6 -20 5 -6 -20 9 -6 -20 9 6
4 16 -20 4 4 -20 4 -4 -20 5 -6 -20 5 6
4 16 -23.5 -4 4 -23.5 -10 13 -23.5 5 13 -23.5 4 4
4 16 -23 -22 -4 -23 -22 4 -23 -14 9 -23 -14 -9
4 16 -21 -30 -7 -23 -14 -9 -23.5 -10 -13 -21 -30 -9
1 16 -16 -30 9 -5 -7.5 0 0 20 0 0 4 4 1-4con0.dat
4 16 -21 -30 9 -23.5 -10 13 -23 -14 9 -21 -30 7
2 24 -23 -14 -9 -23 -14 9
1 16 -21.75 9 0 0 0 -1.75 0 -1 0 6 0 0 rect2p.dat
1 16 -21.75 -2.5 -11.5 -1.75 0 0 0 7.5 0 0 0 -1.5 box2-7.dat
2 24 -20 5 -10 -23.5 5 -10
2 24 -21 -30 -7.944 -21.07 -29.444 -8.315
2 24 -21.07 -29.444 -8.315 -21.5 -26 -9
2 24 -20.619 -31.913 -6.665 -21 -30 -7.944
2 24 -20.318 -32.364 -6.364 -20.619 -31.913 -6.665
2 24 -20.318 -32.364 -6.364 -19.535 -33.535 -4.611
2 24 -19.535 -33.535 -4.611 -18.369 -34.315 -3.444
2 24 -18.369 -34.315 -3.444 -17.913 -34.62 -1.913
2 24 -17.913 -34.62 -1.913 -16 -35 0
2 24 -21.5 -26 -9 -23 -14 -9
2 24 -21 -30 7.944 -21.07 -29.444 8.315
2 24 -21.07 -29.444 8.315 -21.5 -26 9
2 24 -20.619 -31.913 6.665 -21 -30 7.944
2 24 -20.318 -32.364 6.364 -20.619 -31.913 6.665
2 24 -20.318 -32.364 6.364 -19.535 -33.535 4.611
2 24 -19.535 -33.535 4.611 -18.369 -34.315 3.444
2 24 -18.369 -34.315 3.444 -17.913 -34.62 1.913
2 24 -17.913 -34.62 1.913 -16 -35 0
2 24 -21.5 -26 9 -23 -14 9
4 16 0 -10 13 -23.5 -10 13 -16 -30 13 0 -30 13
4 16 0 5 13 -23.5 5 13 -23.5 -10 13 0 -10 13
4 16 0 -16 10 -20 -16 10 -20 5 10 0 5 10
1 16 0 -4.657 13 0 0 -33.234 13.6569 0 0 0 -1 0 48\1-8edge.dat
1 16 0 -4.657 13 0 0 -33.234 13.6569 0 0 0 -3 0 48\1-8cyli.dat
1 16 0 -4.657 13 0 0 -33.234 13.6569 0 0 0 -1 0 48\1-8chrd.dat
3 16 0 5 13 0 9 13 -23.5 5 13
1 16 0 -4.657 10 0 0 -33.234 13.6569 0 0 0 -1 0 48\1-8edge.dat
1 16 0 -4.657 10 0 0 -33.234 13.6569 0 0 0 1 0 48\1-8chrd.dat
3 16 -23.5 5 10 0 9 10 0 5 10
5 24 -20 -16 10 -20 -16 -10 -20 -4 -4 -19 -22 4
5 24 -19 -22 -10 -19 -22 -4 -19 -30 -4 -20 -16 -10
5 24 -19 -22 -4 -19 -22 4 -19 -30 4 -20 -16 -4
5 24 -19 -22 4 -19 -22 10 -19 -31 10 -20 -16 10
5 24 -23.5 -10 -13 -23.5 -10 13 -23.5 -4 -4 -23 -14 9
